name zcmb zhel dz mb dmb x1 dx1 color dcolor 3rdvar d3rdvar cov_m_s cov_m_c cov_s_c set ra dec biascor 
03D1au 0.50309 0.50309 0.0 22.93565 0.126 0 0 0 0 0 0 0 0 0 0 0 0
03D1ax 0.4948 0.4948 0.0 22.8794 0.1176 0 0 0 0 0 0 0 0 0 0 0 0
03D1co 0.67767 0.67767 0.0 24.0383 0.2055 0 0 0 0 0 0 0 0 0 0 0 0
03D1ew 0.8665 0.8665 0.0 24.3472 0.1738 0 0 0 0 0 0 0 0 0 0 0 0
03D1fq 0.79857 0.79857 0.0 24.35985 0.17435 0 0 0 0 0 0 0 0 0 0 0 0
03D3ay 0.37144 0.37144 0.0 22.28825 0.12445 0 0 0 0 0 0 0 0 0 0 0 0
03D3bl 0.35582 0.35582 0.0 22.0601 0.1264 0 0 0 0 0 0 0 0 0 0 0 0
03D4ag 0.2836 0.2836 0.0 21.40985 0.1028 0 0 0 0 0 0 0 0 0 0 0 0
03D4au 0.4664 0.4664 0.0 23.21725 0.1587 0 0 0 0 0 0 0 0 0 0 0 0
03D4cx 0.94688 0.94688 0.0 24.41175 0.1644 0 0 0 0 0 0 0 0 0 0 0 0
03D4cz 0.69315 0.69315 0.0 23.795 0.2442 0 0 0 0 0 0 0 0 0 0 0 0
03D4di 0.89693 0.89693 0.0 24.40365 0.1664 0 0 0 0 0 0 0 0 0 0 0 0
03D4fd 0.78904 0.78904 0.0 24.21935 0.11605 0 0 0 0 0 0 0 0 0 0 0 0
03D4gg 0.59027 0.59027 0.0 23.33635 0.16665 0 0 0 0 0 0 0 0 0 0 0 0
04D1dc 0.21075 0.21075 0.0 20.6439 0.1052 0 0 0 0 0 0 0 0 0 0 0 0
04D1ff 0.85852 0.85852 0.0 24.12445 0.1478 0 0 0 0 0 0 0 0 0 0 0 0
04D1hx 0.55875 0.55875 0.0 23.16555 0.13345 0 0 0 0 0 0 0 0 0 0 0 0
04D1iv 0.9964 0.9964 0.0 24.70045 0.1408 0 0 0 0 0 0 0 0 0 0 0 0
04D1jg 0.58294 0.58294 0.0 23.34395 0.12575 0 0 0 0 0 0 0 0 0 0 0 0
04D1ks 0.79656 0.79656 0.0 23.8551 0.15875 0 0 0 0 0 0 0 0 0 0 0 0
04D1ow 0.91348 0.91348 0.0 24.379 0.1374 0 0 0 0 0 0 0 0 0 0 0 0
04D1pd 0.94846 0.94846 0.0 24.667 0.15115 0 0 0 0 0 0 0 0 0 0 0 0
04D1pp 0.73362 0.73362 0.0 23.84695 0.1557 0 0 0 0 0 0 0 0 0 0 0 0
04D1qd 0.7656 0.7656 0.0 24.10845 0.15485 0 0 0 0 0 0 0 0 0 0 0 0
04D1rx 0.98341 0.98341 0.0 24.82855 0.15295 0 0 0 0 0 0 0 0 0 0 0 0
04D1si 0.70064 0.70064 0.0 23.7494 0.1737 0 0 0 0 0 0 0 0 0 0 0 0
04D2al 0.83814 0.83814 0.0 24.1539 0.1807 0 0 0 0 0 0 0 0 0 0 0 0
04D2cf 0.3706 0.3706 0.0 22.1394 0.12105 0 0 0 0 0 0 0 0 0 0 0 0
04D2fs 0.35858 0.35858 0.0 21.9601 0.11855 0 0 0 0 0 0 0 0 0 0 0 0
04D2gc 0.52278 0.52278 0.0 23.16035 0.14165 0 0 0 0 0 0 0 0 0 0 0 0
04D2iu 0.70198 0.70198 0.0 23.7107 0.26235 0 0 0 0 0 0 0 0 0 0 0 0
04D2kr 0.74613 0.74613 0.0 23.80625 0.16465 0 0 0 0 0 0 0 0 0 0 0 0
04D2mh 0.59185 0.59185 0.0 23.2441 0.1262 0 0 0 0 0 0 0 0 0 0 0 0
04D3co 0.62063 0.62063 0.0 23.5109 0.1131 0 0 0 0 0 0 0 0 0 0 0 0
04D3dd 1.00279 1.00279 0.0 25.0803 0.1915 0 0 0 0 0 0 0 0 0 0 0 0
04D3do 0.61064 0.61064 0.0 23.4753 0.13285 0 0 0 0 0 0 0 0 0 0 0 0
04D3fk 0.35833 0.35833 0.0 21.9694 0.1142 0 0 0 0 0 0 0 0 0 0 0 0
04D3gt 0.45155 0.45155 0.0 22.4165 0.1251 0 0 0 0 0 0 0 0 0 0 0 0
04D3hn 0.5526 0.5526 0.0 22.985 0.1342 0 0 0 0 0 0 0 0 0 0 0 0
04D3ks 0.75068 0.75068 0.0 23.76355 0.1915 0 0 0 0 0 0 0 0 0 0 0 0
04D3lu 0.82269 0.82269 0.0 24.3353 0.14625 0 0 0 0 0 0 0 0 0 0 0 0
04D3ml 0.95076 0.95076 0.0 24.686 0.1449 0 0 0 0 0 0 0 0 0 0 0 0
04D3nh 0.34052 0.34052 0.0 21.947 0.1055 0 0 0 0 0 0 0 0 0 0 0 0
04D3ny 0.81072 0.81072 0.0 24.0797 0.17055 0 0 0 0 0 0 0 0 0 0 0 0
04D4an 0.61124 0.61124 0.0 23.73915 0.1593 0 0 0 0 0 0 0 0 0 0 0 0
04D4bq 0.54831 0.54831 0.0 22.8936 0.1438 0 0 0 0 0 0 0 0 0 0 0 0
04D4dw 1.02879 1.02879 0.0 24.72965 0.16015 0 0 0 0 0 0 0 0 0 0 0 0
04D4gg 0.42244 0.42244 0.0 22.35825 0.1191 0 0 0 0 0 0 0 0 0 0 0 0
04D4hu 0.70115 0.70115 0.0 23.9087 0.18035 0 0 0 0 0 0 0 0 0 0 0 0
04D4ic 0.68517 0.68517 0.0 23.84345 0.2325 0 0 0 0 0 0 0 0 0 0 0 0
04D4ih 0.93189 0.93189 0.0 24.5479 0.1524 0 0 0 0 0 0 0 0 0 0 0 0
04D4im 0.74909 0.74909 0.0 23.81145 0.1827 0 0 0 0 0 0 0 0 0 0 0 0
04D4jr 0.4684 0.4684 0.0 22.73385 0.1178 0 0 0 0 0 0 0 0 0 0 0 0
04D4jw 0.95886 0.95886 0.0 24.80645 0.17245 0 0 0 0 0 0 0 0 0 0 0 0
05D1az 0.84053 0.84053 0.0 24.2236 0.1456 0 0 0 0 0 0 0 0 0 0 0 0
05D1cc 0.56276 0.56276 0.0 23.2428 0.1175 0 0 0 0 0 0 0 0 0 0 0 0
05D1cl 0.82854 0.82854 0.0 24.3986 0.15265 0 0 0 0 0 0 0 0 0 0 0 0
05D1dx 0.57875 0.57875 0.0 23.22545 0.12065 0 0 0 0 0 0 0 0 0 0 0 0
05D1em 0.8645 0.8645 0.0 24.3694 0.14625 0 0 0 0 0 0 0 0 0 0 0 0
05D1er 0.85851 0.85851 0.0 24.4447 0.1653 0 0 0 0 0 0 0 0 0 0 0 0
05D1hm 0.58575 0.58575 0.0 23.5707 0.14165 0 0 0 0 0 0 0 0 0 0 0 0
05D1ix 0.48881 0.48881 0.0 22.86575 0.11355 0 0 0 0 0 0 0 0 0 0 0 0
05D1ke 0.68866 0.68866 0.0 23.61335 0.15175 0 0 0 0 0 0 0 0 0 0 0 0
05D2ab 0.32454 0.32454 0.0 21.79345 0.1022 0 0 0 0 0 0 0 0 0 0 0 0
05D2ah 0.18538 0.18538 0.0 20.4559 0.10395 0 0 0 0 0 0 0 0 0 0 0 0
05D2bt 0.68196 0.68196 0.0 23.5979 0.1483 0 0 0 0 0 0 0 0 0 0 0 0
05D2bw 0.92223 0.92223 0.0 24.35495 0.17085 0 0 0 0 0 0 0 0 0 0 0 0
05D2cb 0.42866 0.42866 0.0 22.7525 0.12945 0 0 0 0 0 0 0 0 0 0 0 0
05D2ck 0.69998 0.69998 0.0 23.9503 0.21515 0 0 0 0 0 0 0 0 0 0 0 0
05D2dt 0.57584 0.57584 0.0 23.3853 0.1384 0 0 0 0 0 0 0 0 0 0 0 0
05D2dy 0.51176 0.51176 0.0 23.1144 0.1165 0 0 0 0 0 0 0 0 0 0 0 0
05D2ec 0.64191 0.64191 0.0 23.62135 0.1658 0 0 0 0 0 0 0 0 0 0 0 0
05D2hc 0.35157 0.35157 0.0 22.2267 0.1136 0 0 0 0 0 0 0 0 0 0 0 0
05D2ie 0.34957 0.34957 0.0 22.14425 0.1106 0 0 0 0 0 0 0 0 0 0 0 0
05D2mp 0.35527 0.35527 0.0 22.238 0.11295 0 0 0 0 0 0 0 0 0 0 0 0
05D2nn 0.87217 0.87217 0.0 24.33985 0.1332 0 0 0 0 0 0 0 0 0 0 0 0
05D2ob 0.92624 0.92624 0.0 24.7694 0.1095 0 0 0 0 0 0 0 0 0 0 0 0
05D3cf 0.41957 0.41957 0.0 22.59085 0.1209 0 0 0 0 0 0 0 0 0 0 0 0
05D3cq 0.89073 0.89073 0.0 24.17995 0.14095 0 0 0 0 0 0 0 0 0 0 0 0
05D3dd 0.48057 0.48057 0.0 22.775 0.1151 0 0 0 0 0 0 0 0 0 0 0 0
05D3gp 0.5806 0.5806 0.0 23.36735 0.16085 0 0 0 0 0 0 0 0 0 0 0 0
05D3ha 0.80569 0.80569 0.0 24.0958 0.15545 0 0 0 0 0 0 0 0 0 0 0 0
05D3hs 0.66464 0.66464 0.0 23.634 0.16105 0 0 0 0 0 0 0 0 0 0 0 0
05D3jb 0.74566 0.74566 0.0 24.008 0.1527 0 0 0 0 0 0 0 0 0 0 0 0
05D3jk 0.73669 0.73669 0.0 23.77895 0.13985 0 0 0 0 0 0 0 0 0 0 0 0
05D3jr 0.37053 0.37053 0.0 22.0452 0.1129 0 0 0 0 0 0 0 0 0 0 0 0
05D3kp 0.85073 0.85073 0.0 24.31935 0.1304 0 0 0 0 0 0 0 0 0 0 0 0
05D3kx 0.21946 0.21946 0.0 20.84755 0.10225 0 0 0 0 0 0 0 0 0 0 0 0
05D3lb 0.64764 0.64764 0.0 23.6263 0.16115 0 0 0 0 0 0 0 0 0 0 0 0
05D3lr 0.6006 0.6006 0.0 23.40285 0.1546 0 0 0 0 0 0 0 0 0 0 0 0
05D3mn 0.7607 0.7607 0.0 23.92515 0.14995 0 0 0 0 0 0 0 0 0 0 0 0
05D3mx 0.47057 0.47057 0.0 22.8026 0.12205 0 0 0 0 0 0 0 0 0 0 0 0
05D4af 0.49737 0.49737 0.0 22.9277 0.13225 0 0 0 0 0 0 0 0 0 0 0 0
05D4av 0.50736 0.50736 0.0 22.97185 0.1253 0 0 0 0 0 0 0 0 0 0 0 0
05D4bf 0.58728 0.58728 0.0 23.44395 0.14045 0 0 0 0 0 0 0 0 0 0 0 0
05D4bj 0.69915 0.69915 0.0 23.77945 0.1563 0 0 0 0 0 0 0 0 0 0 0 0
05D4cn 0.76108 0.76108 0.0 24.05505 0.1603 0 0 0 0 0 0 0 0 0 0 0 0
05D4cs 0.78805 0.78805 0.0 24.10775 0.1381 0 0 0 0 0 0 0 0 0 0 0 0
05D4dt 0.40547 0.40547 0.0 22.5631 0.11045 0 0 0 0 0 0 0 0 0 0 0 0
05D4dy 0.80804 0.80804 0.0 24.5572 0.16345 0 0 0 0 0 0 0 0 0 0 0 0
05D4ej 0.58328 0.58328 0.0 23.60835 0.1295 0 0 0 0 0 0 0 0 0 0 0 0
05D4ev 0.72013 0.72013 0.0 24.02185 0.1932 0 0 0 0 0 0 0 0 0 0 0 0
05D4fg 0.83699 0.83699 0.0 24.30555 0.1427 0 0 0 0 0 0 0 0 0 0 0 0
05D4gw 0.80603 0.80603 0.0 24.2547 0.18365 0 0 0 0 0 0 0 0 0 0 0 0
06D2bk 0.50074 0.50074 0.0 23.0511 0.13595 0 0 0 0 0 0 0 0 0 0 0 0
06D2cc 0.53378 0.53378 0.0 22.9344 0.1664 0 0 0 0 0 0 0 0 0 0 0 0
06D2ce 0.82212 0.82212 0.0 24.16865 0.1853 0 0 0 0 0 0 0 0 0 0 0 0
06D2fb 0.12531 0.12531 0.0 19.4681 0.10345 0 0 0 0 0 0 0 0 0 0 0 0
06D2gb 0.44368 0.44368 0.0 22.57275 0.13485 0 0 0 0 0 0 0 0 0 0 0 0
06D3cc 0.68366 0.68366 0.0 23.9448 0.29055 0 0 0 0 0 0 0 0 0 0 0 0
06D3do 0.72668 0.72668 0.0 23.90055 0.16275 0 0 0 0 0 0 0 0 0 0 0 0
06D3ed 0.40455 0.40455 0.0 22.44585 0.10745 0 0 0 0 0 0 0 0 0 0 0 0
06D3em 0.69065 0.69065 0.0 23.753 0.18365 0 0 0 0 0 0 0 0 0 0 0 0
06D3et 0.57661 0.57661 0.0 23.2425 0.1229 0 0 0 0 0 0 0 0 0 0 0 0
06D3gh 0.72068 0.72068 0.0 23.87665 0.20285 0 0 0 0 0 0 0 0 0 0 0 0
06D4bo 0.55031 0.55031 0.0 23.1688 0.12485 0 0 0 0 0 0 0 0 0 0 0 0
06D4ce 0.84797 0.84797 0.0 24.3114 0.16985 0 0 0 0 0 0 0 0 0 0 0 0
06D4co 0.43544 0.43544 0.0 22.3664 0.10895 0 0 0 0 0 0 0 0 0 0 0 0
06D4dh 0.30158 0.30158 0.0 21.6426 0.09395 0 0 0 0 0 0 0 0 0 0 0 0
03D1aw 0.58073 0.58073 0.0 23.5245 0.1372 0 0 0 0 0 0 0 0 0 0 0 0
03D1bp 0.34593 0.34593 0.0 22.11415 0.11095 0 0 0 0 0 0 0 0 0 0 0 0
03D1fc 0.33094 0.33094 0.0 21.7835 0.10685 0 0 0 0 0 0 0 0 0 0 0 0
03D3aw 0.44956 0.44956 0.0 22.7895 0.1413 0 0 0 0 0 0 0 0 0 0 0 0
03D3ba 0.29172 0.29172 0.0 21.47345 0.12525 0 0 0 0 0 0 0 0 0 0 0 0
03D3cd 0.46127 0.46127 0.0 22.631 0.1379 0 0 0 0 0 0 0 0 0 0 0 0
03D4at 0.63222 0.63222 0.0 23.66075 0.2044 0 0 0 0 0 0 0 0 0 0 0 0
03D4cj 0.26862 0.26862 0.0 21.17705 0.0993 0 0 0 0 0 0 0 0 0 0 0 0
03D4cy 0.92491 0.92491 0.0 24.74225 0.19235 0 0 0 0 0 0 0 0 0 0 0 0
03D4dh 0.62522 0.62522 0.0 23.46105 0.1303 0 0 0 0 0 0 0 0 0 0 0 0
03D4dy 0.60825 0.60825 0.0 23.37765 0.12655 0 0 0 0 0 0 0 0 0 0 0 0
03D4gf 0.57828 0.57828 0.0 23.23775 0.1389 0 0 0 0 0 0 0 0 0 0 0 0
04D1aj 0.71963 0.71963 0.0 23.82565 0.20565 0 0 0 0 0 0 0 0 0 0 0 0
04D1de 0.7666 0.7666 0.0 24.24765 0.1593 0 0 0 0 0 0 0 0 0 0 0 0
04D1hd 0.36791 0.36791 0.0 22.2451 0.1019 0 0 0 0 0 0 0 0 0 0 0 0
04D1hy 0.84852 0.84852 0.0 24.33255 0.14855 0 0 0 0 0 0 0 0 0 0 0 0
04D1jd 0.7766 0.7766 0.0 24.0945 0.17825 0 0 0 0 0 0 0 0 0 0 0 0
04D1kj 0.58375 0.58375 0.0 23.2688 0.0991 0 0 0 0 0 0 0 0 0 0 0 0
04D1oh 0.58873 0.58873 0.0 23.30075 0.13 0 0 0 0 0 0 0 0 0 0 0 0
04D1pc 0.76859 0.76859 0.0 24.20785 0.16875 0 0 0 0 0 0 0 0 0 0 0 0
04D1pg 0.5138 0.5138 0.0 23.1288 0.13285 0 0 0 0 0 0 0 0 0 0 0 0
04D1pu 0.63771 0.63771 0.0 23.36985 0.23275 0 0 0 0 0 0 0 0 0 0 0 0
04D1rh 0.43487 0.43487 0.0 22.56305 0.11445 0 0 0 0 0 0 0 0 0 0 0 0
04D1sa 0.58375 0.58375 0.0 23.4631 0.1402 0 0 0 0 0 0 0 0 0 0 0 0
04D1sk 0.66206 0.66206 0.0 23.74945 0.1795 0 0 0 0 0 0 0 0 0 0 0 0
04D2an 0.62189 0.62189 0.0 23.4105 0.16285 0 0 0 0 0 0 0 0 0 0 0 0
04D2fp 0.41664 0.41664 0.0 22.5157 0.1175 0 0 0 0 0 0 0 0 0 0 0 0
04D2gb 0.45169 0.45169 0.0 22.36155 0.13765 0 0 0 0 0 0 0 0 0 0 0 0
04D2gp 0.73401 0.73401 0.0 24.04745 0.2404 0 0 0 0 0 0 0 0 0 0 0 0
04D2ja 0.74202 0.74202 0.0 24.2628 0.21515 0 0 0 0 0 0 0 0 0 0 0 0
04D2mc 0.34957 0.34957 0.0 21.73865 0.11995 0 0 0 0 0 0 0 0 0 0 0 0
04D2mj 0.51476 0.51476 0.0 23.1901 0.1355 0 0 0 0 0 0 0 0 0 0 0 0
04D3cy 0.64364 0.64364 0.0 23.60745 0.19415 0 0 0 0 0 0 0 0 0 0 0 0
04D3df 0.47058 0.47058 0.0 22.65085 0.12925 0 0 0 0 0 0 0 0 0 0 0 0
04D3ez 0.26349 0.26349 0.0 21.15435 0.10785 0 0 0 0 0 0 0 0 0 0 0 0
04D3fq 0.7427 0.7427 0.0 23.9223 0.1988 0 0 0 0 0 0 0 0 0 0 0 0
04D3gx 0.91075 0.91075 0.0 24.6114 0.16365 0 0 0 0 0 0 0 0 0 0 0 0
04D3kr 0.33753 0.33753 0.0 21.9149 0.1065 0 0 0 0 0 0 0 0 0 0 0 0
04D3lp 0.98377 0.98377 0.0 24.92305 0.14415 0 0 0 0 0 0 0 0 0 0 0 0
04D3mk 0.81369 0.81369 0.0 24.2666 0.14105 0 0 0 0 0 0 0 0 0 0 0 0
04D3nc 0.81773 0.81773 0.0 24.3439 0.12095 0 0 0 0 0 0 0 0 0 0 0 0
04D3nr 0.96075 0.96075 0.0 24.57405 0.1579 0 0 0 0 0 0 0 0 0 0 0 0
04D3oe 0.75669 0.75669 0.0 24.03915 0.15825 0 0 0 0 0 0 0 0 0 0 0 0
04D4bk 0.87796 0.87796 0.0 24.4226 0.1433 0 0 0 0 0 0 0 0 0 0 0 0
04D4dm 0.80902 0.80902 0.0 24.2079 0.1667 0 0 0 0 0 0 0 0 0 0 0 0
04D4fx 0.62723 0.62723 0.0 23.4143 0.13795 0 0 0 0 0 0 0 0 0 0 0 0
04D4hf 0.93389 0.93389 0.0 24.76585 0.201 0 0 0 0 0 0 0 0 0 0 0 0
04D4ib 0.69715 0.69715 0.0 23.7833 0.1619 0 0 0 0 0 0 0 0 0 0 0 0
04D4id 0.76706 0.76706 0.0 24.3853 0.1786 0 0 0 0 0 0 0 0 0 0 0 0
04D4ii 0.86397 0.86397 0.0 24.397 0.15285 0 0 0 0 0 0 0 0 0 0 0 0
04D4in 0.51434 0.51434 0.0 22.98875 0.11725 0 0 0 0 0 0 0 0 0 0 0 0
04D4ju 0.47039 0.47039 0.0 23.1016 0.14105 0 0 0 0 0 0 0 0 0 0 0 0
04D4jy 0.9279 0.9279 0.0 24.77915 0.18285 0 0 0 0 0 0 0 0 0 0 0 0
05D1cb 0.63071 0.63071 0.0 23.40915 0.1431 0 0 0 0 0 0 0 0 0 0 0 0
05D1ck 0.6157 0.6157 0.0 23.5667 0.14325 0 0 0 0 0 0 0 0 0 0 0 0
05D1dn 0.56475 0.56475 0.0 23.29015 0.1359 0 0 0 0 0 0 0 0 0 0 0 0
05D1ee 0.55775 0.55775 0.0 23.249 0.13485 0 0 0 0 0 0 0 0 0 0 0 0
05D1eo 0.73561 0.73561 0.0 24.0682 0.19195 0 0 0 0 0 0 0 0 0 0 0 0
05D1hk 0.26199 0.26199 0.0 21.15965 0.10815 0 0 0 0 0 0 0 0 0 0 0 0
05D1if 0.76159 0.76159 0.0 23.976 0.1544 0 0 0 0 0 0 0 0 0 0 0 0
05D1iz 0.85852 0.85852 0.0 24.545 0.17845 0 0 0 0 0 0 0 0 0 0 0 0
05D1kl 0.55875 0.55875 0.0 23.6072 0.1516 0 0 0 0 0 0 0 0 0 0 0 0
05D2ac 0.48072 0.48072 0.0 22.7493 0.11375 0 0 0 0 0 0 0 0 0 0 0 0
05D2ay 0.92224 0.92224 0.0 24.57195 0.1872 0 0 0 0 0 0 0 0 0 0 0 0
05D2bv 0.47572 0.47572 0.0 22.69505 0.10895 0 0 0 0 0 0 0 0 0 0 0 0
05D2by 0.8932 0.8932 0.0 24.57895 0.15775 0 0 0 0 0 0 0 0 0 0 0 0
05D2ci 0.6319 0.6319 0.0 23.1613 0.17695 0 0 0 0 0 0 0 0 0 0 0 0
05D2ct 0.73602 0.73602 0.0 24.0291 0.21075 0 0 0 0 0 0 0 0 0 0 0 0
05D2dw 0.41865 0.41865 0.0 22.38735 0.1152 0 0 0 0 0 0 0 0 0 0 0 0
05D2eb 0.53578 0.53578 0.0 22.98435 0.12665 0 0 0 0 0 0 0 0 0 0 0 0
05D2fq 0.73501 0.73501 0.0 24.0924 0.1782 0 0 0 0 0 0 0 0 0 0 0 0
05D2he 0.60987 0.60987 0.0 23.54515 0.14865 0 0 0 0 0 0 0 0 0 0 0 0
05D2le 0.70198 0.70198 0.0 23.8392 0.16465 0 0 0 0 0 0 0 0 0 0 0 0
05D2my 0.9833 0.9833 0.0 24.78175 0.14305 0 0 0 0 0 0 0 0 0 0 0 0
05D2nt 0.75905 0.75905 0.0 24.05675 0.1516 0 0 0 0 0 0 0 0 0 0 0 0
05D3ax 0.64364 0.64364 0.0 23.605 0.20125 0 0 0 0 0 0 0 0 0 0 0 0
05D3ci 0.51559 0.51559 0.0 23.0254 0.1764 0 0 0 0 0 0 0 0 0 0 0 0
05D3cx 0.80569 0.80569 0.0 24.0143 0.13015 0 0 0 0 0 0 0 0 0 0 0 0
05D3dh 0.8007 0.8007 0.0 23.82275 0.16055 0 0 0 0 0 0 0 0 0 0 0 0
05D3gv 0.71565 0.71565 0.0 23.84335 0.19415 0 0 0 0 0 0 0 0 0 0 0 0
05D3hh 0.76668 0.76668 0.0 24.2312 0.1806 0 0 0 0 0 0 0 0 0 0 0 0
05D3ht 0.90173 0.90173 0.0 24.51345 0.15115 0 0 0 0 0 0 0 0 0 0 0 0
05D3jh 0.71868 0.71868 0.0 23.68845 0.1509 0 0 0 0 0 0 0 0 0 0 0 0
05D3jq 0.5796 0.5796 0.0 23.1791 0.1197 0 0 0 0 0 0 0 0 0 0 0 0
05D3km 0.96074 0.96074 0.0 24.8096 0.14255 0 0 0 0 0 0 0 0 0 0 0 0
05D3kt 0.64864 0.64864 0.0 23.53665 0.15885 0 0 0 0 0 0 0 0 0 0 0 0
05D3la 0.93675 0.93675 0.0 24.4717 0.1405 0 0 0 0 0 0 0 0 0 0 0 0
05D3lc 0.46156 0.46156 0.0 22.76195 0.1111 0 0 0 0 0 0 0 0 0 0 0 0
05D3mh 0.67065 0.67065 0.0 23.78565 0.17745 0 0 0 0 0 0 0 0 0 0 0 0
05D3mq 0.24649 0.24649 0.0 21.15995 0.10805 0 0 0 0 0 0 0 0 0 0 0 0
05D4ag 0.63822 0.63822 0.0 23.4908 0.1839 0 0 0 0 0 0 0 0 0 0 0 0
05D4be 0.53532 0.53532 0.0 23.07015 0.11085 0 0 0 0 0 0 0 0 0 0 0 0
05D4bi 0.77307 0.77307 0.0 24.1767 0.17625 0 0 0 0 0 0 0 0 0 0 0 0
05D4bm 0.3705 0.3705 0.0 22.1527 0.10425 0 0 0 0 0 0 0 0 0 0 0 0
05D4cq 0.69916 0.69916 0.0 23.8894 0.1727 0 0 0 0 0 0 0 0 0 0 0 0
05D4cw 0.3735 0.3735 0.0 22.11095 0.10385 0 0 0 0 0 0 0 0 0 0 0 0
05D4dw 0.85298 0.85298 0.0 24.30565 0.1508 0 0 0 0 0 0 0 0 0 0 0 0
05D4ef 0.60326 0.60326 0.0 23.5867 0.14285 0 0 0 0 0 0 0 0 0 0 0 0
05D4ek 0.53433 0.53433 0.0 22.9229 0.12885 0 0 0 0 0 0 0 0 0 0 0 0
05D4ff 0.40048 0.40048 0.0 22.2596 0.11505 0 0 0 0 0 0 0 0 0 0 0 0
05D4fo 0.3715 0.3715 0.0 22.20075 0.10745 0 0 0 0 0 0 0 0 0 0 0 0
05D4hn 0.83999 0.83999 0.0 24.0262 0.15175 0 0 0 0 0 0 0 0 0 0 0 0
06D2ca 0.53278 0.53278 0.0 23.06035 0.1139 0 0 0 0 0 0 0 0 0 0 0 0
06D2cd 0.93225 0.93225 0.0 24.70435 0.2103 0 0 0 0 0 0 0 0 0 0 0 0
06D2ck 0.55381 0.55381 0.0 23.2838 0.1243 0 0 0 0 0 0 0 0 0 0 0 0
06D2ga 0.84214 0.84214 0.0 24.3269 0.1859 0 0 0 0 0 0 0 0 0 0 0 0
06D3bz 0.72767 0.72767 0.0 23.86805 0.1978 0 0 0 0 0 0 0 0 0 0 0 0
06D3df 0.44255 0.44255 0.0 22.67385 0.11365 0 0 0 0 0 0 0 0 0 0 0 0
06D3dt 0.28251 0.28251 0.0 21.5751 0.10725 0 0 0 0 0 0 0 0 0 0 0 0
06D3el 0.51961 0.51961 0.0 23.03925 0.109 0 0 0 0 0 0 0 0 0 0 0 0
06D3en 1.0608 1.0608 0.0 24.68625 0.16415 0 0 0 0 0 0 0 0 0 0 0 0
06D3fp 0.26849 0.26849 0.0 21.24745 0.10505 0 0 0 0 0 0 0 0 0 0 0 0
06D3gn 0.2505 0.2505 0.0 21.17635 0.1113 0 0 0 0 0 0 0 0 0 0 0 0
06D4ba 0.69816 0.69816 0.0 23.7929 0.21705 0 0 0 0 0 0 0 0 0 0 0 0
06D4bw 0.73012 0.73012 0.0 23.7691 0.19105 0 0 0 0 0 0 0 0 0 0 0 0
06D4cl 0.99781 0.99781 0.0 24.61285 0.09545 0 0 0 0 0 0 0 0 0 0 0 0
06D4cq 0.40946 0.40946 0.0 22.4514 0.1089 0 0 0 0 0 0 0 0 0 0 0 0
744 0.12679 0.12679 0.0 19.54415 0.11965 0 0 0 0 0 0 0 0 0 0 0 0
1112 0.25577 0.25577 0.0 21.33405 0.182 0 0 0 0 0 0 0 0 0 0 0 0
1241 0.08859 0.08859 0.0 18.6432 0.106 0 0 0 0 0 0 0 0 0 0 0 0
1371 0.11782 0.11782 0.0 19.194 0.0991 0 0 0 0 0 0 0 0 0 0 0 0
1580 0.18356 0.18356 0.0 20.2959 0.1284 0 0 0 0 0 0 0 0 0 0 0 0
1794 0.14055 0.14055 0.0 19.87225 0.1164 0 0 0 0 0 0 0 0 0 0 0 0
2031 0.15171 0.15171 0.0 19.79355 0.10325 0 0 0 0 0 0 0 0 0 0 0 0
2102 0.094 0.094 0.0 18.88995 0.10285 0 0 0 0 0 0 0 0 0 0 0 0
2165 0.28631 0.28631 0.0 21.68315 0.1506 0 0 0 0 0 0 0 0 0 0 0 0
2422 0.26318 0.26318 0.0 21.35825 0.143 0 0 0 0 0 0 0 0 0 0 0 0
2635 0.14167 0.14167 0.0 19.79755 0.10465 0 0 0 0 0 0 0 0 0 0 0 0
2689 0.16053 0.16053 0.0 19.9342 0.11555 0 0 0 0 0 0 0 0 0 0 0 0
2916 0.1229 0.1229 0.0 19.3945 0.1166 0 0 0 0 0 0 0 0 0 0 0 0
2992 0.1262 0.1262 0.0 19.36815 0.11295 0 0 0 0 0 0 0 0 0 0 0 0
3080 0.17331 0.17331 0.0 20.15355 0.0993 0 0 0 0 0 0 0 0 0 0 0 0
3087 0.16448 0.16448 0.0 20.0324 0.10835 0 0 0 0 0 0 0 0 0 0 0 0
3317 0.16018 0.16018 0.0 19.9226 0.1105 0 0 0 0 0 0 0 0 0 0 0 0
3377 0.24488 0.24488 0.0 20.8689 0.12985 0 0 0 0 0 0 0 0 0 0 0 0
3451 0.24805 0.24805 0.0 20.9824 0.1344 0 0 0 0 0 0 0 0 0 0 0 0
4046 0.27511 0.27511 0.0 21.37145 0.1552 0 0 0 0 0 0 0 0 0 0 0 0
4241 0.33015 0.33015 0.0 21.9325 0.159 0 0 0 0 0 0 0 0 0 0 0 0
4679 0.3307 0.3307 0.0 21.8296 0.1482 0 0 0 0 0 0 0 0 0 0 0 0
5103 0.1604 0.1604 0.0 19.98615 0.1095 0 0 0 0 0 0 0 0 0 0 0 0
5533 0.21861 0.21861 0.0 20.8698 0.1344 0 0 0 0 0 0 0 0 0 0 0 0
5549 0.12005 0.12005 0.0 19.3688 0.1021 0 0 0 0 0 0 0 0 0 0 0 0
5635 0.17818 0.17818 0.0 20.7285 0.12865 0 0 0 0 0 0 0 0 0 0 0 0
5957 0.279 0.279 0.0 21.5011 0.1327 0 0 0 0 0 0 0 0 0 0 0 0
5994 0.18562 0.18562 0.0 20.4843 0.1299 0 0 0 0 0 0 0 0 0 0 0 0
6057 0.06641 0.06641 0.0 17.9882 0.1133 0 0 0 0 0 0 0 0 0 0 0 0
6108 0.25769 0.25769 0.0 21.27815 0.143 0 0 0 0 0 0 0 0 0 0 0 0
6196 0.27946 0.27946 0.0 21.27655 0.1399 0 0 0 0 0 0 0 0 0 0 0 0
6315 0.2655 0.2655 0.0 21.0608 0.1302 0 0 0 0 0 0 0 0 0 0 0 0
6422 0.18478 0.18478 0.0 20.37585 0.10565 0 0 0 0 0 0 0 0 0 0 0 0
6558 0.05715 0.05715 0.0 17.65805 0.1072 0 0 0 0 0 0 0 0 0 0 0 0
6924 0.32601 0.32601 0.0 21.67395 0.14665 0 0 0 0 0 0 0 0 0 0 0 0
7147 0.10902 0.10902 0.0 19.17005 0.1028 0 0 0 0 0 0 0 0 0 0 0 0
7243 0.20299 0.20299 0.0 20.70085 0.13825 0 0 0 0 0 0 0 0 0 0 0 0
7779 0.37949 0.37949 0.0 22.13785 0.13975 0 0 0 0 0 0 0 0 0 0 0 0
7847 0.21198 0.21198 0.0 20.68965 0.12295 0 0 0 0 0 0 0 0 0 0 0 0
8495 0.21327 0.21327 0.0 20.7836 0.1365 0 0 0 0 0 0 0 0 0 0 0 0
8921 0.14393 0.14393 0.0 19.83645 0.113 0 0 0 0 0 0 0 0 0 0 0 0
9032 0.25218 0.25218 0.0 21.1686 0.1611 0 0 0 0 0 0 0 0 0 0 0 0
9457 0.25641 0.25641 0.0 21.27565 0.17495 0 0 0 0 0 0 0 0 0 0 0 0
9467 0.2186 0.2186 0.0 20.97465 0.1685 0 0 0 0 0 0 0 0 0 0 0 0
12779 0.07883 0.07883 0.0 18.5396 0.12205 0 0 0 0 0 0 0 0 0 0 0 0
12781 0.08328 0.08328 0.0 18.7423 0.11605 0 0 0 0 0 0 0 0 0 0 0 0
12856 0.17008 0.17008 0.0 20.24955 0.10705 0 0 0 0 0 0 0 0 0 0 0 0
12881 0.23643 0.23643 0.0 20.8774 0.14345 0 0 0 0 0 0 0 0 0 0 0 0
12883 0.30538 0.30538 0.0 21.3793 0.1978 0 0 0 0 0 0 0 0 0 0 0 0
12898 0.08286 0.08286 0.0 18.5182 0.1054 0 0 0 0 0 0 0 0 0 0 0 0
12927 0.18905 0.18905 0.0 20.204 0.11875 0 0 0 0 0 0 0 0 0 0 0 0
12950 0.08162 0.08162 0.0 18.51085 0.1042 0 0 0 0 0 0 0 0 0 0 0 0
12972 0.25626 0.25626 0.0 21.25665 0.1617 0 0 0 0 0 0 0 0 0 0 0 0
13005 0.12631 0.12631 0.0 19.5851 0.13495 0 0 0 0 0 0 0 0 0 0 0 0
13038 0.1028 0.1028 0.0 19.1632 0.14425 0 0 0 0 0 0 0 0 0 0 0 0
13044 0.1244 0.1244 0.0 19.47835 0.1006 0 0 0 0 0 0 0 0 0 0 0 0
13136 0.37003 0.37003 0.0 22.4612 0.1638 0 0 0 0 0 0 0 0 0 0 0 0
13152 0.20192 0.20192 0.0 20.3864 0.11475 0 0 0 0 0 0 0 0 0 0 0 0
13254 0.18004 0.18004 0.0 20.6833 0.14355 0 0 0 0 0 0 0 0 0 0 0 0
13411 0.16163 0.16163 0.0 20.13715 0.13 0 0 0 0 0 0 0 0 0 0 0 0
13578 0.22644 0.22644 0.0 20.877 0.1411 0 0 0 0 0 0 0 0 0 0 0 0
13610 0.29649 0.29649 0.0 21.44515 0.14475 0 0 0 0 0 0 0 0 0 0 0 0
13689 0.24999 0.24999 0.0 21.2018 0.1331 0 0 0 0 0 0 0 0 0 0 0 0
13736 0.14864 0.14864 0.0 19.91915 0.10635 0 0 0 0 0 0 0 0 0 0 0 0
13796 0.14711 0.14711 0.0 19.7768 0.10335 0 0 0 0 0 0 0 0 0 0 0 0
14019 0.2149 0.2149 0.0 21.20165 0.14835 0 0 0 0 0 0 0 0 0 0 0 0
14024 0.14462 0.14462 0.0 19.8092 0.13965 0 0 0 0 0 0 0 0 0 0 0 0
14108 0.13226 0.13226 0.0 19.9297 0.1333 0 0 0 0 0 0 0 0 0 0 0 0
14331 0.2195 0.2195 0.0 21.0008 0.13465 0 0 0 0 0 0 0 0 0 0 0 0
14397 0.38447 0.38447 0.0 22.4056 0.14945 0 0 0 0 0 0 0 0 0 0 0 0
14421 0.1742 0.1742 0.0 20.3453 0.1115 0 0 0 0 0 0 0 0 0 0 0 0
14451 0.17772 0.17772 0.0 20.20365 0.1224 0 0 0 0 0 0 0 0 0 0 0 0
14735 0.29911 0.29911 0.0 21.5201 0.1301 0 0 0 0 0 0 0 0 0 0 0 0
14871 0.1187 0.1187 0.0 19.4499 0.13385 0 0 0 0 0 0 0 0 0 0 0 0
14979 0.17685 0.17685 0.0 20.2398 0.106 0 0 0 0 0 0 0 0 0 0 0 0
15057 0.24526 0.24526 0.0 21.3737 0.1883 0 0 0 0 0 0 0 0 0 0 0 0
15129 0.1959 0.1959 0.0 20.5476 0.11935 0 0 0 0 0 0 0 0 0 0 0 0
15161 0.24832 0.24832 0.0 21.0964 0.13265 0 0 0 0 0 0 0 0 0 0 0 0
15213 0.30617 0.30617 0.0 21.7772 0.1615 0 0 0 0 0 0 0 0 0 0 0 0
15219 0.24616 0.24616 0.0 21.1567 0.13065 0 0 0 0 0 0 0 0 0 0 0 0
15234 0.13527 0.13527 0.0 19.9684 0.1135 0 0 0 0 0 0 0 0 0 0 0 0
15259 0.21028 0.21028 0.0 20.64075 0.13355 0 0 0 0 0 0 0 0 0 0 0 0
15287 0.23603 0.23603 0.0 21.15555 0.1232 0 0 0 0 0 0 0 0 0 0 0 0
15301 0.17831 0.17831 0.0 20.37515 0.1134 0 0 0 0 0 0 0 0 0 0 0 0
15354 0.22043 0.22043 0.0 20.81665 0.1545 0 0 0 0 0 0 0 0 0 0 0 0
15383 0.31468 0.31468 0.0 21.82045 0.1574 0 0 0 0 0 0 0 0 0 0 0 0
15421 0.1846 0.1846 0.0 20.55195 0.11185 0 0 0 0 0 0 0 0 0 0 0 0
15440 0.2611 0.2611 0.0 21.2035 0.1388 0 0 0 0 0 0 0 0 0 0 0 0
15443 0.18122 0.18122 0.0 20.21245 0.1053 0 0 0 0 0 0 0 0 0 0 0 0
15456 0.38003 0.38003 0.0 22.03255 0.1507 0 0 0 0 0 0 0 0 0 0 0 0
15461 0.1846 0.1846 0.0 20.3874 0.10825 0 0 0 0 0 0 0 0 0 0 0 0
15467 0.20824 0.20824 0.0 20.65525 0.12075 0 0 0 0 0 0 0 0 0 0 0 0
15583 0.17746 0.17746 0.0 20.33625 0.1291 0 0 0 0 0 0 0 0 0 0 0 0
15776 0.31555 0.31555 0.0 21.71575 0.15365 0 0 0 0 0 0 0 0 0 0 0 0
15868 0.24954 0.24954 0.0 21.1678 0.1247 0 0 0 0 0 0 0 0 0 0 0 0
15901 0.20324 0.20324 0.0 20.6509 0.11955 0 0 0 0 0 0 0 0 0 0 0 0
16021 0.12347 0.12347 0.0 19.41945 0.10285 0 0 0 0 0 0 0 0 0 0 0 0
16032 0.20314 0.20314 0.0 20.6431 0.1203 0 0 0 0 0 0 0 0 0 0 0 0
16073 0.15352 0.15352 0.0 20.12335 0.10495 0 0 0 0 0 0 0 0 0 0 0 0
16093 0.33398 0.33398 0.0 21.93555 0.15935 0 0 0 0 0 0 0 0 0 0 0 0
16099 0.19582 0.19582 0.0 20.5297 0.11525 0 0 0 0 0 0 0 0 0 0 0 0
16106 0.24943 0.24943 0.0 21.07635 0.14445 0 0 0 0 0 0 0 0 0 0 0 0
16116 0.1549 0.1549 0.0 20.0255 0.10635 0 0 0 0 0 0 0 0 0 0 0 0
16165 0.15625 0.15625 0.0 19.9882 0.12595 0 0 0 0 0 0 0 0 0 0 0 0
16206 0.15819 0.15819 0.0 19.8145 0.12395 0 0 0 0 0 0 0 0 0 0 0 0
16211 0.309 0.309 0.0 21.8107 0.19685 0 0 0 0 0 0 0 0 0 0 0 0
16213 0.24828 0.24828 0.0 21.1264 0.1389 0 0 0 0 0 0 0 0 0 0 0 0
16281 0.18484 0.18484 0.0 20.315 0.1237 0 0 0 0 0 0 0 0 0 0 0 0
17168 0.18353 0.18353 0.0 20.50795 0.12475 0 0 0 0 0 0 0 0 0 0 0 0
17215 0.18212 0.18212 0.0 20.3801 0.1378 0 0 0 0 0 0 0 0 0 0 0 0
17218 0.17675 0.17675 0.0 20.2847 0.12915 0 0 0 0 0 0 0 0 0 0 0 0
17220 0.17748 0.17748 0.0 20.0733 0.1212 0 0 0 0 0 0 0 0 0 0 0 0
17240 0.0718 0.0718 0.0 18.0105 0.1254 0 0 0 0 0 0 0 0 0 0 0 0
17366 0.13796 0.13796 0.0 19.66325 0.1047 0 0 0 0 0 0 0 0 0 0 0 0
17389 0.16941 0.16941 0.0 20.46645 0.1318 0 0 0 0 0 0 0 0 0 0 0 0
17464 0.24527 0.24527 0.0 20.72015 0.14715 0 0 0 0 0 0 0 0 0 0 0 0
17497 0.14406 0.14406 0.0 19.81765 0.1048 0 0 0 0 0 0 0 0 0 0 0 0
17552 0.25163 0.25163 0.0 21.23475 0.14625 0 0 0 0 0 0 0 0 0 0 0 0
17784 0.03743 0.03743 0.0 16.7705 0.11655 0 0 0 0 0 0 0 0 0 0 0 0
17791 0.27716 0.27716 0.0 21.8809 0.2057 0 0 0 0 0 0 0 0 0 0 0 0
17809 0.28712 0.28712 0.0 21.26765 0.14925 0 0 0 0 0 0 0 0 0 0 0 0
17811 0.19845 0.19845 0.0 20.6109 0.13905 0 0 0 0 0 0 0 0 0 0 0 0
17825 0.16031 0.16031 0.0 20.0761 0.12895 0 0 0 0 0 0 0 0 0 0 0 0
17875 0.21053 0.21053 0.0 21.0145 0.1508 0 0 0 0 0 0 0 0 0 0 0 0
17884 0.23753 0.23753 0.0 21.01525 0.13165 0 0 0 0 0 0 0 0 0 0 0 0
18030 0.15499 0.15499 0.0 20.14215 0.11795 0 0 0 0 0 0 0 0 0 0 0 0
18241 0.0939 0.0939 0.0 18.94845 0.14945 0 0 0 0 0 0 0 0 0 0 0 0
18323 0.15253 0.15253 0.0 20.0858 0.11355 0 0 0 0 0 0 0 0 0 0 0 0
18325 0.25693 0.25693 0.0 21.2745 0.14465 0 0 0 0 0 0 0 0 0 0 0 0
18466 0.21231 0.21231 0.0 20.80075 0.1303 0 0 0 0 0 0 0 0 0 0 0 0
18486 0.24583 0.24583 0.0 20.8852 0.1309 0 0 0 0 0 0 0 0 0 0 0 0
18602 0.13679 0.13679 0.0 19.766 0.11075 0 0 0 0 0 0 0 0 0 0 0 0
18617 0.32529 0.32529 0.0 21.90535 0.18115 0 0 0 0 0 0 0 0 0 0 0 0
18697 0.10643 0.10643 0.0 19.09115 0.10245 0 0 0 0 0 0 0 0 0 0 0 0
18721 0.4008 0.4008 0.0 22.30625 0.1603 0 0 0 0 0 0 0 0 0 0 0 0
18749 0.1891 0.1891 0.0 20.48545 0.13045 0 0 0 0 0 0 0 0 0 0 0 0
18804 0.19731 0.19731 0.0 20.43595 0.11215 0 0 0 0 0 0 0 0 0 0 0 0
18809 0.12783 0.12783 0.0 19.5604 0.132 0 0 0 0 0 0 0 0 0 0 0 0
18835 0.12291 0.12291 0.0 19.44105 0.10325 0 0 0 0 0 0 0 0 0 0 0 0
18855 0.12687 0.12687 0.0 19.5935 0.1036 0 0 0 0 0 0 0 0 0 0 0 0
18927 0.21311 0.21311 0.0 20.6763 0.14295 0 0 0 0 0 0 0 0 0 0 0 0
18940 0.21075 0.21075 0.0 20.72635 0.1269 0 0 0 0 0 0 0 0 0 0 0 0
18945 0.26826 0.26826 0.0 21.4886 0.1529 0 0 0 0 0 0 0 0 0 0 0 0
18965 0.20431 0.20431 0.0 20.6637 0.1243 0 0 0 0 0 0 0 0 0 0 0 0
19002 0.26991 0.26991 0.0 21.2862 0.127 0 0 0 0 0 0 0 0 0 0 0 0
19023 0.24162 0.24162 0.0 20.9815 0.1519 0 0 0 0 0 0 0 0 0 0 0 0
19027 0.2908 0.2908 0.0 21.2366 0.14655 0 0 0 0 0 0 0 0 0 0 0 0
19067 0.35306 0.35306 0.0 21.8172 0.1517 0 0 0 0 0 0 0 0 0 0 0 0
19128 0.28509 0.28509 0.0 21.60305 0.15455 0 0 0 0 0 0 0 0 0 0 0 0
19230 0.21929 0.21929 0.0 20.671 0.15345 0 0 0 0 0 0 0 0 0 0 0 0
19282 0.17537 0.17537 0.0 20.2486 0.12495 0 0 0 0 0 0 0 0 0 0 0 0
19341 0.23517 0.23517 0.0 20.9919 0.1458 0 0 0 0 0 0 0 0 0 0 0 0
19353 0.15298 0.15298 0.0 20.0007 0.10965 0 0 0 0 0 0 0 0 0 0 0 0
19425 0.20982 0.20982 0.0 20.904 0.1584 0 0 0 0 0 0 0 0 0 0 0 0
19596 0.29121 0.29121 0.0 21.52005 0.1502 0 0 0 0 0 0 0 0 0 0 0 0
19632 0.31353 0.31353 0.0 21.8228 0.14955 0 0 0 0 0 0 0 0 0 0 0 0
19775 0.13672 0.13672 0.0 19.74045 0.11375 0 0 0 0 0 0 0 0 0 0 0 0
19794 0.29532 0.29532 0.0 21.7702 0.19255 0 0 0 0 0 0 0 0 0 0 0 0
19818 0.30369 0.30369 0.0 21.49705 0.1351 0 0 0 0 0 0 0 0 0 0 0 0
19913 0.20532 0.20532 0.0 20.73165 0.13515 0 0 0 0 0 0 0 0 0 0 0 0
19953 0.12175 0.12175 0.0 19.3417 0.09805 0 0 0 0 0 0 0 0 0 0 0 0
19969 0.17424 0.17424 0.0 20.23715 0.1105 0 0 0 0 0 0 0 0 0 0 0 0
19990 0.24862 0.24862 0.0 21.20175 0.1399 0 0 0 0 0 0 0 0 0 0 0 0
20039 0.2453 0.2453 0.0 21.1168 0.1411 0 0 0 0 0 0 0 0 0 0 0 0
20084 0.13816 0.13816 0.0 19.8501 0.11695 0 0 0 0 0 0 0 0 0 0 0 0
20088 0.24288 0.24288 0.0 21.02765 0.1175 0 0 0 0 0 0 0 0 0 0 0 0
20111 0.24237 0.24237 0.0 21.18475 0.1521 0 0 0 0 0 0 0 0 0 0 0 0
20142 0.31437 0.31437 0.0 21.36255 0.1372 0 0 0 0 0 0 0 0 0 0 0 0
20227 0.2754 0.2754 0.0 21.4476 0.1531 0 0 0 0 0 0 0 0 0 0 0 0
20245 0.30004 0.30004 0.0 21.4205 0.1591 0 0 0 0 0 0 0 0 0 0 0 0
20364 0.21735 0.21735 0.0 20.89455 0.157 0 0 0 0 0 0 0 0 0 0 0 0
20581 0.20311 0.20311 0.0 20.57295 0.1256 0 0 0 0 0 0 0 0 0 0 0 0
20687 0.19005 0.19005 0.0 20.40605 0.1554 0 0 0 0 0 0 0 0 0 0 0 0
21006 0.29003 0.29003 0.0 21.37145 0.1535 0 0 0 0 0 0 0 0 0 0 0 0
21033 0.22796 0.22796 0.0 20.83375 0.1505 0 0 0 0 0 0 0 0 0 0 0 0
21042 0.31032 0.31032 0.0 21.4605 0.1581 0 0 0 0 0 0 0 0 0 0 0 0
21062 0.13712 0.13712 0.0 20.12355 0.1142 0 0 0 0 0 0 0 0 0 0 0 0
21502 0.08798 0.08798 0.0 18.67935 0.10665 0 0 0 0 0 0 0 0 0 0 0 0
722 0.08534 0.08534 0.0 18.62225 0.10575 0 0 0 0 0 0 0 0 0 0 0 0
762 0.19024 0.19024 0.0 20.64955 0.1183 0 0 0 0 0 0 0 0 0 0 0 0
774 0.09278 0.09278 0.0 18.85825 0.10895 0 0 0 0 0 0 0 0 0 0 0 0
1032 0.12891 0.12891 0.0 19.58785 0.12795 0 0 0 0 0 0 0 0 0 0 0 0
1253 0.26136 0.26136 0.0 21.1661 0.15845 0 0 0 0 0 0 0 0 0 0 0 0
2017 0.26132 0.26132 0.0 21.4566 0.17905 0 0 0 0 0 0 0 0 0 0 0 0
2246 0.1957 0.1957 0.0 20.61775 0.12935 0 0 0 0 0 0 0 0 0 0 0 0
2308 0.14723 0.14723 0.0 19.8401 0.1218 0 0 0 0 0 0 0 0 0 0 0 0
2330 0.21154 0.21154 0.0 21.14365 0.18185 0 0 0 0 0 0 0 0 0 0 0 0
2372 0.17972 0.17972 0.0 20.3022 0.11325 0 0 0 0 0 0 0 0 0 0 0 0
2440 0.1907 0.1907 0.0 20.6931 0.1193 0 0 0 0 0 0 0 0 0 0 0 0
2533 0.3385 0.3385 0.0 21.79045 0.162 0 0 0 0 0 0 0 0 0 0 0 0
2561 0.11762 0.11762 0.0 19.4194 0.1059 0 0 0 0 0 0 0 0 0 0 0 0
2789 0.28854 0.28854 0.0 21.52905 0.16395 0 0 0 0 0 0 0 0 0 0 0 0
2943 0.26377 0.26377 0.0 21.2685 0.15705 0 0 0 0 0 0 0 0 0 0 0 0
3199 0.24931 0.24931 0.0 21.3827 0.14095 0 0 0 0 0 0 0 0 0 0 0 0
3452 0.22939 0.22939 0.0 20.8801 0.1271 0 0 0 0 0 0 0 0 0 0 0 0
3592 0.08575 0.08575 0.0 18.60785 0.1003 0 0 0 0 0 0 0 0 0 0 0 0
4000 0.27631 0.27631 0.0 21.6249 0.1906 0 0 0 0 0 0 0 0 0 0 0 0
4577 0.36165 0.36165 0.0 22.1749 0.16475 0 0 0 0 0 0 0 0 0 0 0 0
5391 0.30006 0.30006 0.0 21.62575 0.16535 0 0 0 0 0 0 0 0 0 0 0 0
5395 0.11659 0.11659 0.0 19.38585 0.10355 0 0 0 0 0 0 0 0 0 0 0 0
5550 0.15474 0.15474 0.0 19.8321 0.1045 0 0 0 0 0 0 0 0 0 0 0 0
5717 0.2501 0.2501 0.0 21.29905 0.1323 0 0 0 0 0 0 0 0 0 0 0 0
5736 0.25149 0.25149 0.0 21.20905 0.1266 0 0 0 0 0 0 0 0 0 0 0 0
5751 0.12941 0.12941 0.0 19.5484 0.1075 0 0 0 0 0 0 0 0 0 0 0 0
5844 0.30894 0.30894 0.0 21.7241 0.1696 0 0 0 0 0 0 0 0 0 0 0 0
6137 0.29859 0.29859 0.0 21.6675 0.16355 0 0 0 0 0 0 0 0 0 0 0 0
6192 0.27057 0.27057 0.0 21.3407 0.16925 0 0 0 0 0 0 0 0 0 0 0 0
6249 0.29318 0.29318 0.0 21.58045 0.1439 0 0 0 0 0 0 0 0 0 0 0 0
6304 0.18988 0.18988 0.0 20.46495 0.1186 0 0 0 0 0 0 0 0 0 0 0 0
6406 0.12368 0.12368 0.0 19.40255 0.10215 0 0 0 0 0 0 0 0 0 0 0 0
6649 0.31262 0.31262 0.0 21.63145 0.14315 0 0 0 0 0 0 0 0 0 0 0 0
6699 0.3088 0.3088 0.0 21.83575 0.1554 0 0 0 0 0 0 0 0 0 0 0 0
6780 0.20244 0.20244 0.0 20.6012 0.1377 0 0 0 0 0 0 0 0 0 0 0 0
6933 0.21139 0.21139 0.0 20.62485 0.1276 0 0 0 0 0 0 0 0 0 0 0 0
6936 0.1787 0.1787 0.0 20.40255 0.1152 0 0 0 0 0 0 0 0 0 0 0 0
7143 0.30317 0.30317 0.0 21.87205 0.1378 0 0 0 0 0 0 0 0 0 0 0 0
7473 0.21432 0.21432 0.0 20.82155 0.13085 0 0 0 0 0 0 0 0 0 0 0 0
7475 0.32007 0.32007 0.0 21.6961 0.136 0 0 0 0 0 0 0 0 0 0 0 0
7512 0.21791 0.21791 0.0 20.93245 0.1423 0 0 0 0 0 0 0 0 0 0 0 0
7876 0.07523 0.07523 0.0 18.2993 0.1018 0 0 0 0 0 0 0 0 0 0 0 0
8046 0.2574 0.2574 0.0 21.3716 0.15015 0 0 0 0 0 0 0 0 0 0 0 0
8213 0.18446 0.18446 0.0 20.36465 0.1307 0 0 0 0 0 0 0 0 0 0 0 0
8719 0.11639 0.11639 0.0 19.2947 0.1018 0 0 0 0 0 0 0 0 0 0 0 0
10028 0.06481 0.06481 0.0 17.87555 0.11085 0 0 0 0 0 0 0 0 0 0 0 0
10434 0.10298 0.10298 0.0 19.1603 0.103 0 0 0 0 0 0 0 0 0 0 0 0
10805 0.04437 0.04437 0.0 16.92365 0.11995 0 0 0 0 0 0 0 0 0 0 0 0
12843 0.16576 0.16576 0.0 19.93385 0.1216 0 0 0 0 0 0 0 0 0 0 0 0
12853 0.16799 0.16799 0.0 20.05175 0.122 0 0 0 0 0 0 0 0 0 0 0 0
12855 0.17043 0.17043 0.0 20.1224 0.1426 0 0 0 0 0 0 0 0 0 0 0 0
12860 0.12029 0.12029 0.0 19.52035 0.11295 0 0 0 0 0 0 0 0 0 0 0 0
12928 0.13855 0.13855 0.0 19.76935 0.1309 0 0 0 0 0 0 0 0 0 0 0 0
12971 0.23353 0.23353 0.0 20.92145 0.15295 0 0 0 0 0 0 0 0 0 0 0 0
12977 0.24615 0.24615 0.0 21.02245 0.14665 0 0 0 0 0 0 0 0 0 0 0 0
13025 0.22259 0.22259 0.0 21.0813 0.15475 0 0 0 0 0 0 0 0 0 0 0 0
13045 0.17893 0.17893 0.0 20.2811 0.1226 0 0 0 0 0 0 0 0 0 0 0 0
13070 0.19694 0.19694 0.0 20.58245 0.11675 0 0 0 0 0 0 0 0 0 0 0 0
13072 0.22889 0.22889 0.0 20.9949 0.1436 0 0 0 0 0 0 0 0 0 0 0 0
13099 0.26419 0.26419 0.0 21.454 0.1668 0 0 0 0 0 0 0 0 0 0 0 0
13135 0.1034 0.1034 0.0 19.1006 0.1007 0 0 0 0 0 0 0 0 0 0 0 0
13305 0.21313 0.21313 0.0 20.73275 0.1233 0 0 0 0 0 0 0 0 0 0 0 0
13354 0.1568 0.1568 0.0 19.9453 0.11035 0 0 0 0 0 0 0 0 0 0 0 0
13506 0.24317 0.24317 0.0 21.24925 0.155 0 0 0 0 0 0 0 0 0 0 0 0
13511 0.23823 0.23823 0.0 21.2468 0.14345 0 0 0 0 0 0 0 0 0 0 0 0
13641 0.20827 0.20827 0.0 20.70285 0.13195 0 0 0 0 0 0 0 0 0 0 0 0
13655 0.25085 0.25085 0.0 21.40595 0.1661 0 0 0 0 0 0 0 0 0 0 0 0
13727 0.2251 0.2251 0.0 20.8619 0.1296 0 0 0 0 0 0 0 0 0 0 0 0
13757 0.28707 0.28707 0.0 21.4548 0.14305 0 0 0 0 0 0 0 0 0 0 0 0
13830 0.32944 0.32944 0.0 21.654 0.14305 0 0 0 0 0 0 0 0 0 0 0 0
13835 0.24575 0.24575 0.0 21.1285 0.1225 0 0 0 0 0 0 0 0 0 0 0 0
13894 0.11981 0.11981 0.0 19.6531 0.142 0 0 0 0 0 0 0 0 0 0 0 0
13934 0.32891 0.32891 0.0 22.21 0.20965 0 0 0 0 0 0 0 0 0 0 0 0
14157 0.21037 0.21037 0.0 20.57745 0.1203 0 0 0 0 0 0 0 0 0 0 0 0
14212 0.20284 0.20284 0.0 20.73465 0.1164 0 0 0 0 0 0 0 0 0 0 0 0
14261 0.28403 0.28403 0.0 21.29885 0.13645 0 0 0 0 0 0 0 0 0 0 0 0
14284 0.18046 0.18046 0.0 20.1372 0.10565 0 0 0 0 0 0 0 0 0 0 0 0
14298 0.26043 0.26043 0.0 21.3136 0.1522 0 0 0 0 0 0 0 0 0 0 0 0
14437 0.14774 0.14774 0.0 19.8408 0.1023 0 0 0 0 0 0 0 0 0 0 0 0
14456 0.32753 0.32753 0.0 21.8054 0.13865 0 0 0 0 0 0 0 0 0 0 0 0
14481 0.24177 0.24177 0.0 21.34415 0.15695 0 0 0 0 0 0 0 0 0 0 0 0
14846 0.22308 0.22308 0.0 20.93135 0.12815 0 0 0 0 0 0 0 0 0 0 0 0
14984 0.18261 0.18261 0.0 20.58295 0.13765 0 0 0 0 0 0 0 0 0 0 0 0
15132 0.15286 0.15286 0.0 20.00315 0.10245 0 0 0 0 0 0 0 0 0 0 0 0
15171 0.13806 0.13806 0.0 19.70385 0.10245 0 0 0 0 0 0 0 0 0 0 0 0
15201 0.2071 0.2071 0.0 21.039 0.18595 0 0 0 0 0 0 0 0 0 0 0 0
15203 0.20291 0.20291 0.0 20.64265 0.12095 0 0 0 0 0 0 0 0 0 0 0 0
15222 0.19777 0.19777 0.0 20.4901 0.12895 0 0 0 0 0 0 0 0 0 0 0 0
15229 0.2223 0.2223 0.0 20.93625 0.13925 0 0 0 0 0 0 0 0 0 0 0 0
15356 0.27307 0.27307 0.0 21.30595 0.1452 0 0 0 0 0 0 0 0 0 0 0 0
15365 0.18628 0.18628 0.0 20.52585 0.11385 0 0 0 0 0 0 0 0 0 0 0 0
15425 0.15933 0.15933 0.0 19.8391 0.1054 0 0 0 0 0 0 0 0 0 0 0 0
15433 0.21911 0.21911 0.0 20.8854 0.1261 0 0 0 0 0 0 0 0 0 0 0 0
15453 0.17354 0.17354 0.0 20.48215 0.12835 0 0 0 0 0 0 0 0 0 0 0 0
15466 0.2441 0.2441 0.0 20.95965 0.14495 0 0 0 0 0 0 0 0 0 0 0 0
15508 0.13366 0.13366 0.0 19.5947 0.101 0 0 0 0 0 0 0 0 0 0 0 0
15584 0.28313 0.28313 0.0 21.4445 0.13605 0 0 0 0 0 0 0 0 0 0 0 0
15648 0.17365 0.17365 0.0 20.3277 0.13725 0 0 0 0 0 0 0 0 0 0 0 0
15674 0.1963 0.1963 0.0 20.7078 0.13695 0 0 0 0 0 0 0 0 0 0 0 0
15704 0.36924 0.36924 0.0 22.26285 0.1433 0 0 0 0 0 0 0 0 0 0 0 0
15872 0.20562 0.20562 0.0 20.5664 0.1209 0 0 0 0 0 0 0 0 0 0 0 0
15897 0.17371 0.17371 0.0 20.28025 0.1266 0 0 0 0 0 0 0 0 0 0 0 0
16069 0.12672 0.12672 0.0 19.52735 0.1097 0 0 0 0 0 0 0 0 0 0 0 0
16072 0.284 0.284 0.0 21.47435 0.1516 0 0 0 0 0 0 0 0 0 0 0 0
16100 0.19358 0.19358 0.0 20.5957 0.13615 0 0 0 0 0 0 0 0 0 0 0 0
16185 0.10036 0.10036 0.0 18.9553 0.1114 0 0 0 0 0 0 0 0 0 0 0 0
16232 0.37386 0.37386 0.0 22.30505 0.0857 0 0 0 0 0 0 0 0 0 0 0 0
16259 0.11787 0.11787 0.0 19.3509 0.11365 0 0 0 0 0 0 0 0 0 0 0 0
16276 0.1919 0.1919 0.0 20.53155 0.14055 0 0 0 0 0 0 0 0 0 0 0 0
16350 0.23657 0.23657 0.0 21.01355 0.14615 0 0 0 0 0 0 0 0 0 0 0 0
17171 0.15881 0.15881 0.0 19.9956 0.1246 0 0 0 0 0 0 0 0 0 0 0 0
17186 0.07877 0.07877 0.0 18.7587 0.11205 0 0 0 0 0 0 0 0 0 0 0 0
17208 0.13847 0.13847 0.0 20.00005 0.13335 0 0 0 0 0 0 0 0 0 0 0 0
17223 0.23359 0.23359 0.0 20.8855 0.1538 0 0 0 0 0 0 0 0 0 0 0 0
17253 0.1567 0.1567 0.0 20.02445 0.15485 0 0 0 0 0 0 0 0 0 0 0 0
17258 0.08833 0.08833 0.0 18.4814 0.11615 0 0 0 0 0 0 0 0 0 0 0 0
17280 0.12995 0.12995 0.0 19.7955 0.12165 0 0 0 0 0 0 0 0 0 0 0 0
17332 0.18223 0.18223 0.0 20.33595 0.1263 0 0 0 0 0 0 0 0 0 0 0 0
17340 0.25654 0.25654 0.0 21.13995 0.1482 0 0 0 0 0 0 0 0 0 0 0 0
17435 0.21651 0.21651 0.0 20.81295 0.13625 0 0 0 0 0 0 0 0 0 0 0 0
17605 0.14519 0.14519 0.0 19.90955 0.14005 0 0 0 0 0 0 0 0 0 0 0 0
17629 0.13653 0.13653 0.0 19.5864 0.11055 0 0 0 0 0 0 0 0 0 0 0 0
17801 0.20493 0.20493 0.0 20.93345 0.15685 0 0 0 0 0 0 0 0 0 0 0 0
18091 0.36939 0.36939 0.0 22.04745 0.15595 0 0 0 0 0 0 0 0 0 0 0 0
18415 0.12924 0.12924 0.0 19.61045 0.1088 0 0 0 0 0 0 0 0 0 0 0 0
18463 0.26658 0.26658 0.0 21.333 0.1477 0 0 0 0 0 0 0 0 0 0 0 0
18485 0.27805 0.27805 0.0 21.38735 0.1392 0 0 0 0 0 0 0 0 0 0 0 0
18604 0.17461 0.17461 0.0 20.50365 0.13175 0 0 0 0 0 0 0 0 0 0 0 0
18612 0.11376 0.11376 0.0 19.12675 0.10675 0 0 0 0 0 0 0 0 0 0 0 0
18650 0.11229 0.11229 0.0 19.38185 0.1026 0 0 0 0 0 0 0 0 0 0 0 0
18740 0.15333 0.15333 0.0 19.84255 0.10465 0 0 0 0 0 0 0 0 0 0 0 0
18768 0.1965 0.1965 0.0 20.73755 0.13845 0 0 0 0 0 0 0 0 0 0 0 0
18787 0.18914 0.18914 0.0 20.88565 0.129 0 0 0 0 0 0 0 0 0 0 0 0
18807 0.17708 0.17708 0.0 20.47725 0.12735 0 0 0 0 0 0 0 0 0 0 0 0
19008 0.21731 0.21731 0.0 20.782 0.1395 0 0 0 0 0 0 0 0 0 0 0 0
19101 0.18542 0.18542 0.0 20.33795 0.12825 0 0 0 0 0 0 0 0 0 0 0 0
19174 0.16382 0.16382 0.0 20.0233 0.11915 0 0 0 0 0 0 0 0 0 0 0 0
19207 0.2569 0.2569 0.0 21.34755 0.1673 0 0 0 0 0 0 0 0 0 0 0 0
19543 0.1218 0.1218 0.0 19.5799 0.1344 0 0 0 0 0 0 0 0 0 0 0 0
19616 0.16514 0.16514 0.0 20.09425 0.1067 0 0 0 0 0 0 0 0 0 0 0 0
19658 0.1984 0.1984 0.0 20.6407 0.1317 0 0 0 0 0 0 0 0 0 0 0 0
19702 0.26828 0.26828 0.0 21.3987 0.1627 0 0 0 0 0 0 0 0 0 0 0 0
19757 0.40078 0.40078 0.0 22.1656 0.1349 0 0 0 0 0 0 0 0 0 0 0 0
19940 0.14566 0.14566 0.0 19.67415 0.1276 0 0 0 0 0 0 0 0 0 0 0 0
19968 0.05573 0.05573 0.0 17.55995 0.10915 0 0 0 0 0 0 0 0 0 0 0 0
19992 0.22425 0.22425 0.0 21.1652 0.15355 0 0 0 0 0 0 0 0 0 0 0 0
20040 0.28622 0.28622 0.0 21.4237 0.1561 0 0 0 0 0 0 0 0 0 0 0 0
20048 0.18365 0.18365 0.0 20.55225 0.14155 0 0 0 0 0 0 0 0 0 0 0 0
20064 0.1036 0.1036 0.0 18.9618 0.1055 0 0 0 0 0 0 0 0 0 0 0 0
20106 0.33096 0.33096 0.0 22.0296 0.19065 0 0 0 0 0 0 0 0 0 0 0 0
20144 0.2184 0.2184 0.0 20.7621 0.1417 0 0 0 0 0 0 0 0 0 0 0 0
20345 0.26327 0.26327 0.0 21.0338 0.1515 0 0 0 0 0 0 0 0 0 0 0 0
20430 0.16267 0.16267 0.0 20.2475 0.13045 0 0 0 0 0 0 0 0 0 0 0 0
20625 0.10689 0.10689 0.0 19.21835 0.10455 0 0 0 0 0 0 0 0 0 0 0 0
20764 0.16503 0.16503 0.0 20.0835 0.1159 0 0 0 0 0 0 0 0 0 0 0 0
21034 0.10757 0.10757 0.0 19.24505 0.10865 0 0 0 0 0 0 0 0 0 0 0 0
22075 0.12913 0.12913 0.0 19.50675 0.1143 0 0 0 0 0 0 0 0 0 0 0 0
2001ah 0.05952 0.05952 0.0 17.71895 0.1264 0 0 0 0 0 0 0 0 0 0 0 0
2001az 0.04093 0.04093 0.0 17.05375 0.11675 0 0 0 0 0 0 0 0 0 0 0 0
2001da 0.01705 0.01705 0.0 14.8562 0.1834 0 0 0 0 0 0 0 0 0 0 0 0
2001en 0.01531 0.01531 0.0 14.5968 0.16125 0 0 0 0 0 0 0 0 0 0 0 0
2001fe 0.01472 0.01472 0.0 14.6164 0.1491 0 0 0 0 0 0 0 0 0 0 0 0
2001gb 0.02673 0.02673 0.0 15.9708 0.16165 0 0 0 0 0 0 0 0 0 0 0 0
2001G 0.01732 0.01732 0.0 14.872 0.15875 0 0 0 0 0 0 0 0 0 0 0 0
2001ic 0.04436 0.04436 0.0 16.71955 0.19775 0 0 0 0 0 0 0 0 0 0 0 0
2001V 0.01567 0.01567 0.0 14.4316 0.154 0 0 0 0 0 0 0 0 0 0 0 0
2002bf 0.02477 0.02477 0.0 15.6571 0.17155 0 0 0 0 0 0 0 0 0 0 0 0
2002bz 0.038 0.038 0.0 16.7652 0.13185 0 0 0 0 0 0 0 0 0 0 0 0
2002ck 0.0299 0.0299 0.0 16.2414 0.123 0 0 0 0 0 0 0 0 0 0 0 0
2002cr 0.01011 0.01011 0.0 13.90705 0.1984 0 0 0 0 0 0 0 0 0 0 0 0
2002de 0.0258 0.0258 0.0 16.1657 0.13765 0 0 0 0 0 0 0 0 0 0 0 0
2002dp 0.01038 0.01038 0.0 14.0497 0.2048 0 0 0 0 0 0 0 0 0 0 0 0
2002eu 0.03791 0.03791 0.0 16.5835 0.1999 0 0 0 0 0 0 0 0 0 0 0 0
2002G 0.03506 0.03506 0.0 16.4505 0.16795 0 0 0 0 0 0 0 0 0 0 0 0
2002ha 0.01224 0.01224 0.0 14.4473 0.1746 0 0 0 0 0 0 0 0 0 0 0 0
2002he 0.02525 0.02525 0.0 15.82645 0.133 0 0 0 0 0 0 0 0 0 0 0 0
2002kf 0.01908 0.01908 0.0 15.3523 0.1411 0 0 0 0 0 0 0 0 0 0 0 0
2003ae 0.03489 0.03489 0.0 16.36725 0.1665 0 0 0 0 0 0 0 0 0 0 0 0
2003ch 0.0295 0.0295 0.0 16.34255 0.1274 0 0 0 0 0 0 0 0 0 0 0 0
2003cq 0.03416 0.03416 0.0 16.5753 0.1562 0 0 0 0 0 0 0 0 0 0 0 0
2003fa 0.04067 0.04067 0.0 16.79405 0.1127 0 0 0 0 0 0 0 0 0 0 0 0
2003hu 0.07515 0.07515 0.0 17.88885 0.1249 0 0 0 0 0 0 0 0 0 0 0 0
2003ic 0.05635 0.05635 0.0 17.23325 0.1226 0 0 0 0 0 0 0 0 0 0 0 0
2003it 0.02529 0.02529 0.0 15.7884 0.14045 0 0 0 0 0 0 0 0 0 0 0 0
2003iv 0.03501 0.03501 0.0 16.65615 0.12485 0 0 0 0 0 0 0 0 0 0 0 0
2003U 0.02846 0.02846 0.0 16.00315 0.1341 0 0 0 0 0 0 0 0 0 0 0 0
2004as 0.03265 0.03265 0.0 16.64135 0.12535 0 0 0 0 0 0 0 0 0 0 0 0
2004L 0.03378 0.03378 0.0 16.38765 0.14025 0 0 0 0 0 0 0 0 0 0 0 0
2004ef 0.03001 0.03001 0.0 16.17235 0.1202 0 0 0 0 0 0 0 0 0 0 0 0
2005eq 0.02763 0.02763 0.0 16.23585 0.11785 0 0 0 0 0 0 0 0 0 0 0 0
2005hf 0.04341 0.04341 0.0 16.9296 0.1208 0 0 0 0 0 0 0 0 0 0 0 0
2005hj 0.05684 0.05684 0.0 17.7349 0.1204 0 0 0 0 0 0 0 0 0 0 0 0
2005lz 0.0415 0.0415 0.0 16.996 0.12585 0 0 0 0 0 0 0 0 0 0 0 0
2005mc 0.02639 0.02639 0.0 15.93175 0.13985 0 0 0 0 0 0 0 0 0 0 0 0
2005ms 0.0265 0.0265 0.0 16.06785 0.1248 0 0 0 0 0 0 0 0 0 0 0 0
2005na 0.02689 0.02689 0.0 15.8751 0.126 0 0 0 0 0 0 0 0 0 0 0 0
2006ac 0.02349 0.02349 0.0 15.6229 0.13375 0 0 0 0 0 0 0 0 0 0 0 0
2006ah 0.05067 0.05067 0.0 17.57205 0.15785 0 0 0 0 0 0 0 0 0 0 0 0
2006ak 0.04093 0.04093 0.0 16.7292 0.12965 0 0 0 0 0 0 0 0 0 0 0 0
2006al 0.06877 0.06877 0.0 18.16685 0.1106 0 0 0 0 0 0 0 0 0 0 0 0
2006bb 0.02557 0.02557 0.0 15.8586 0.14955 0 0 0 0 0 0 0 0 0 0 0 0
2006bq 0.02189 0.02189 0.0 15.5296 0.13805 0 0 0 0 0 0 0 0 0 0 0 0
2006bw 0.03155 0.03155 0.0 16.12665 0.1411 0 0 0 0 0 0 0 0 0 0 0 0
2006cj 0.06845 0.06845 0.0 18.3116 0.12515 0 0 0 0 0 0 0 0 0 0 0 0
2006cp 0.02249 0.02249 0.0 15.5705 0.13905 0 0 0 0 0 0 0 0 0 0 0 0
2006cq 0.04948 0.04948 0.0 17.32415 0.1256 0 0 0 0 0 0 0 0 0 0 0 0
2006ef 0.01741 0.01741 0.0 15.15425 0.15525 0 0 0 0 0 0 0 0 0 0 0 0
2006en 0.03161 0.03161 0.0 16.3735 0.1262 0 0 0 0 0 0 0 0 0 0 0 0
2006ev 0.02811 0.02811 0.0 16.3456 0.1248 0 0 0 0 0 0 0 0 0 0 0 0
2006gr 0.03433 0.03433 0.0 16.6141 0.1249 0 0 0 0 0 0 0 0 0 0 0 0
2006gt 0.04486 0.04486 0.0 17.20325 0.1479 0 0 0 0 0 0 0 0 0 0 0 0
2006hb 0.01531 0.01531 0.0 14.647 0.1669 0 0 0 0 0 0 0 0 0 0 0 0
2006is 0.03153 0.03153 0.0 16.25055 0.1334 0 0 0 0 0 0 0 0 0 0 0 0
2006je 0.03837 0.03837 0.0 16.90025 0.16535 0 0 0 0 0 0 0 0 0 0 0 0
2006mo 0.03682 0.03682 0.0 16.76875 0.12655 0 0 0 0 0 0 0 0 0 0 0 0
2006mp 0.0221 0.0221 0.0 15.7805 0.1369 0 0 0 0 0 0 0 0 0 0 0 0
2006N 0.01402 0.01402 0.0 14.64615 0.16195 0 0 0 0 0 0 0 0 0 0 0 0
2006oa 0.0589 0.0589 0.0 17.79315 0.11395 0 0 0 0 0 0 0 0 0 0 0 0
2006ob 0.05895 0.05895 0.0 17.76895 0.10045 0 0 0 0 0 0 0 0 0 0 0 0
2006on 0.06888 0.06888 0.0 18.1786 0.1514 0 0 0 0 0 0 0 0 0 0 0 0
2006or 0.0204 0.0204 0.0 15.7064 0.15605 0 0 0 0 0 0 0 0 0 0 0 0
2006qo 0.02894 0.02894 0.0 16.028 0.13155 0 0 0 0 0 0 0 0 0 0 0 0
2006sr 0.02384 0.02384 0.0 15.7001 0.13345 0 0 0 0 0 0 0 0 0 0 0 0
2006td 0.01451 0.01451 0.0 14.8963 0.1676 0 0 0 0 0 0 0 0 0 0 0 0
2006te 0.03292 0.03292 0.0 16.45185 0.1185 0 0 0 0 0 0 0 0 0 0 0 0
2007ae 0.06455 0.06455 0.0 17.7907 0.11365 0 0 0 0 0 0 0 0 0 0 0 0
2007ap 0.01662 0.01662 0.0 15.01215 0.15025 0 0 0 0 0 0 0 0 0 0 0 0
2007ar 0.05359 0.05359 0.0 17.4672 0.14395 0 0 0 0 0 0 0 0 0 0 0 0
2007bd 0.03163 0.03163 0.0 16.2183 0.1194 0 0 0 0 0 0 0 0 0 0 0 0
2007co 0.02751 0.02751 0.0 15.99795 0.12905 0 0 0 0 0 0 0 0 0 0 0 0
2007cq 0.02558 0.02558 0.0 15.5508 0.1259 0 0 0 0 0 0 0 0 0 0 0 0
2007F 0.02401 0.02401 0.0 15.78695 0.12635 0 0 0 0 0 0 0 0 0 0 0 0
2007O 0.03713 0.03713 0.0 16.56 0.1177 0 0 0 0 0 0 0 0 0 0 0 0
2008af 0.03406 0.03406 0.0 16.3984 0.12455 0 0 0 0 0 0 0 0 0 0 0 0
2008bf 0.02454 0.02454 0.0 15.60045 0.12775 0 0 0 0 0 0 0 0 0 0 0 0
2008L 0.01697 0.01697 0.0 14.91165 0.15315 0 0 0 0 0 0 0 0 0 0 0 0
2007A 0.01629 0.01629 0.0 15.1778 0.15115 0 0 0 0 0 0 0 0 0 0 0 0
2007aj 0.03204 0.03204 0.0 16.3419 0.12105 0 0 0 0 0 0 0 0 0 0 0 0
2007cb 0.037 0.037 0.0 16.7498 0.1272 0 0 0 0 0 0 0 0 0 0 0 0
2007cc 0.02933 0.02933 0.0 15.8668 0.1458 0 0 0 0 0 0 0 0 0 0 0 0
2007fb 0.0174 0.0174 0.0 15.2644 0.14855 0 0 0 0 0 0 0 0 0 0 0 0
2007hu 0.03578 0.03578 0.0 16.59165 0.17605 0 0 0 0 0 0 0 0 0 0 0 0
2007is 0.02845 0.02845 0.0 16.04765 0.13645 0 0 0 0 0 0 0 0 0 0 0 0
2007jg 0.03765 0.03765 0.0 16.92965 0.1172 0 0 0 0 0 0 0 0 0 0 0 0
2007kh 0.05035 0.05035 0.0 17.29135 0.16335 0 0 0 0 0 0 0 0 0 0 0 0
2007kk 0.04269 0.04269 0.0 16.93415 0.11695 0 0 0 0 0 0 0 0 0 0 0 0
2007nq 0.0431 0.0431 0.0 16.975 0.10685 0 0 0 0 0 0 0 0 0 0 0 0
2007ob 0.03213 0.03213 0.0 16.2366 0.14305 0 0 0 0 0 0 0 0 0 0 0 0
2007su 0.02752 0.02752 0.0 16.06805 0.14255 0 0 0 0 0 0 0 0 0 0 0 0
2007ux 0.03049 0.03049 0.0 16.28585 0.14185 0 0 0 0 0 0 0 0 0 0 0 0
2008C 0.01724 0.01724 0.0 14.9292 0.15555 0 0 0 0 0 0 0 0 0 0 0 0
2008Y 0.07063 0.07063 0.0 18.0591 0.12295 0 0 0 0 0 0 0 0 0 0 0 0
2008ac 0.05343 0.05343 0.0 17.6223 0.13995 0 0 0 0 0 0 0 0 0 0 0 0
2008ar 0.02878 0.02878 0.0 16.10835 0.1215 0 0 0 0 0 0 0 0 0 0 0 0
2008at 0.03518 0.03518 0.0 16.42195 0.15225 0 0 0 0 0 0 0 0 0 0 0 0
2008bw 0.03347 0.03347 0.0 16.4786 0.15245 0 0 0 0 0 0 0 0 0 0 0 0
2008by 0.04651 0.04651 0.0 17.18215 0.11635 0 0 0 0 0 0 0 0 0 0 0 0
2008bz 0.06119 0.06119 0.0 17.92465 0.11915 0 0 0 0 0 0 0 0 0 0 0 0
2008cf 0.04714 0.04714 0.0 17.16385 0.1233 0 0 0 0 0 0 0 0 0 0 0 0
2008ds 0.0212 0.0212 0.0 15.4477 0.14365 0 0 0 0 0 0 0 0 0 0 0 0
2008fr 0.04028 0.04028 0.0 16.82105 0.11335 0 0 0 0 0 0 0 0 0 0 0 0
2008gb 0.03863 0.03863 0.0 16.86165 0.1275 0 0 0 0 0 0 0 0 0 0 0 0
2008gl 0.03314 0.03314 0.0 16.3909 0.1221 0 0 0 0 0 0 0 0 0 0 0 0
2008hv 0.01382 0.01382 0.0 14.47705 0.1539 0 0 0 0 0 0 0 0 0 0 0 0
2009D 0.02419 0.02419 0.0 15.68075 0.129 0 0 0 0 0 0 0 0 0 0 0 0
2009ad 0.02859 0.02859 0.0 16.10465 0.12135 0 0 0 0 0 0 0 0 0 0 0 0
2009an 0.01042 0.01042 0.0 13.92375 0.2005 0 0 0 0 0 0 0 0 0 0 0 0
2009ds 0.02038 0.02038 0.0 15.4301 0.14185 0 0 0 0 0 0 0 0 0 0 0 0
2008050 0.0471 0.0471 0.0 16.98535 0.1448 0 0 0 0 0 0 0 0 0 0 0 0
2008051 0.03983 0.03983 0.0 16.7081 0.1146 0 0 0 0 0 0 0 0 0 0 0 0
2009kk 0.0122 0.0122 0.0 14.4553 0.17375 0 0 0 0 0 0 0 0 0 0 0 0
2009kq 0.01271 0.01271 0.0 14.2812 0.1749 0 0 0 0 0 0 0 0 0 0 0 0
2009le 0.01762 0.01762 0.0 14.9357 0.15625 0 0 0 0 0 0 0 0 0 0 0 0
2009na 0.02171 0.02171 0.0 15.50145 0.13615 0 0 0 0 0 0 0 0 0 0 0 0
2009nq 0.01572 0.01572 0.0 14.861 0.19415 0 0 0 0 0 0 0 0 0 0 0 0
2010A 0.01972 0.01972 0.0 15.2775 0.1578 0 0 0 0 0 0 0 0 0 0 0 0
2010H 0.01678 0.01678 0.0 14.9255 0.15925 0 0 0 0 0 0 0 0 0 0 0 0
2010Y 0.01226 0.01226 0.0 14.4651 0.17765 0 0 0 0 0 0 0 0 0 0 0 0
2010dt 0.05322 0.05322 0.0 17.5791 0.1282 0 0 0 0 0 0 0 0 0 0 0 0
PTF10bjs 0.03052 0.03052 0.0 15.89045 0.4501 0 0 0 0 0 0 0 0 0 0 0 0
2004eo 0.01506 0.01506 0.0 14.61825 0.15445 0 0 0 0 0 0 0 0 0 0 0 0
2004ey 0.01462 0.01462 0.0 14.67055 0.1492 0 0 0 0 0 0 0 0 0 0 0 0
2004gu 0.04713 0.04713 0.0 17.16935 0.11505 0 0 0 0 0 0 0 0 0 0 0 0
2005be 0.03411 0.03411 0.0 16.5132 0.1148 0 0 0 0 0 0 0 0 0 0 0 0
2005bo 0.0152 0.0152 0.0 14.5354 0.16345 0 0 0 0 0 0 0 0 0 0 0 0
2005el 0.01489 0.01489 0.0 14.69775 0.1499 0 0 0 0 0 0 0 0 0 0 0 0
2005hc 0.04597 0.04597 0.0 17.2829 0.1025 0 0 0 0 0 0 0 0 0 0 0 0
2005iq 0.03359 0.03359 0.0 16.5924 0.1061 0 0 0 0 0 0 0 0 0 0 0 0
2005ir 0.07559 0.07559 0.0 18.3317 0.09985 0 0 0 0 0 0 0 0 0 0 0 0
2005kc 0.01447 0.01447 0.0 14.64085 0.16555 0 0 0 0 0 0 0 0 0 0 0 0
2005ki 0.02024 0.02024 0.0 15.28535 0.12735 0 0 0 0 0 0 0 0 0 0 0 0
2005lu 0.03191 0.03191 0.0 16.5935 0.1277 0 0 0 0 0 0 0 0 0 0 0 0
2005M 0.02562 0.02562 0.0 15.867 0.12395 0 0 0 0 0 0 0 0 0 0 0 0
2006ax 0.01754 0.01754 0.0 14.9843 0.1341 0 0 0 0 0 0 0 0 0 0 0 0
2006bh 0.01082 0.01082 0.0 14.007 0.18445 0 0 0 0 0 0 0 0 0 0 0 0
2006ef 0.01741 0.01741 0.0 15.0987 0.14975 0 0 0 0 0 0 0 0 0 0 0 0
2006ej 0.0203 0.0203 0.0 15.30425 0.1353 0 0 0 0 0 0 0 0 0 0 0 0
2006eq 0.04819 0.04819 0.0 17.43295 0.1217 0 0 0 0 0 0 0 0 0 0 0 0
2006et 0.02223 0.02223 0.0 15.3931 0.13205 0 0 0 0 0 0 0 0 0 0 0 0
2006hb 0.01531 0.01531 0.0 14.82855 0.1598 0 0 0 0 0 0 0 0 0 0 0 0
2006lu 0.05458 0.05458 0.0 17.45225 0.10185 0 0 0 0 0 0 0 0 0 0 0 0
2006py 0.05721 0.05721 0.0 17.60465 0.1094 0 0 0 0 0 0 0 0 0 0 0 0
2007bc 0.02122 0.02122 0.0 15.366 0.13605 0 0 0 0 0 0 0 0 0 0 0 0
2007ca 0.01515 0.01515 0.0 14.9969 0.162 0 0 0 0 0 0 0 0 0 0 0 0
2008bq 0.03273 0.03273 0.0 16.38485 0.12045 0 0 0 0 0 0 0 0 0 0 0 0
2008gp 0.03285 0.03285 0.0 16.35105 0.112 0 0 0 0 0 0 0 0 0 0 0 0
1993ac 0.05092 0.05092 0.0 17.4196 0.1224 0 0 0 0 0 0 0 0 0 0 0 0
1993ae 0.01752 0.01752 0.0 15.0543 0.1465 0 0 0 0 0 0 0 0 0 0 0 0
1994M 0.02482 0.02482 0.0 15.6489 0.1348 0 0 0 0 0 0 0 0 0 0 0 0
1994Q 0.0288 0.0288 0.0 16.09275 0.136 0 0 0 0 0 0 0 0 0 0 0 0
1994S 0.01568 0.01568 0.0 14.7591 0.1525 0 0 0 0 0 0 0 0 0 0 0 0
1995ak 0.02197 0.02197 0.0 15.36685 0.1435 0 0 0 0 0 0 0 0 0 0 0 0
1996bl 0.03426 0.03426 0.0 16.4701 0.12025 0 0 0 0 0 0 0 0 0 0 0 0
1996bv 0.01698 0.01698 0.0 14.6711 0.15575 0 0 0 0 0 0 0 0 0 0 0 0
1996C 0.02752 0.02752 0.0 16.2369 0.13415 0 0 0 0 0 0 0 0 0 0 0 0
1997dg 0.03438 0.03438 0.0 16.6069 0.121 0 0 0 0 0 0 0 0 0 0 0 0
1997E 0.01318 0.01318 0.0 14.55465 0.17285 0 0 0 0 0 0 0 0 0 0 0 0
1997Y 0.01726 0.01726 0.0 14.9147 0.1511 0 0 0 0 0 0 0 0 0 0 0 0
1998dk 0.01209 0.01209 0.0 13.97995 0.19135 0 0 0 0 0 0 0 0 0 0 0 0
1998dx 0.05418 0.05418 0.0 17.32035 0.1139 0 0 0 0 0 0 0 0 0 0 0 0
1998ec 0.0197 0.0197 0.0 15.45515 0.15765 0 0 0 0 0 0 0 0 0 0 0 0
1998ef 0.01662 0.01662 0.0 14.63 0.14705 0 0 0 0 0 0 0 0 0 0 0 0
1998eg 0.02398 0.02398 0.0 15.8236 0.13525 0 0 0 0 0 0 0 0 0 0 0 0
1999cc 0.03144 0.03144 0.0 16.3175 0.12075 0 0 0 0 0 0 0 0 0 0 0 0
1999dq 0.01291 0.01291 0.0 14.19135 0.1716 0 0 0 0 0 0 0 0 0 0 0 0
1999ef 0.03827 0.03827 0.0 16.99745 0.12005 0 0 0 0 0 0 0 0 0 0 0 0
1999ej 0.01532 0.01532 0.0 14.9472 0.16405 0 0 0 0 0 0 0 0 0 0 0 0
1999X 0.02643 0.02643 0.0 15.918 0.14255 0 0 0 0 0 0 0 0 0 0 0 0
2000B 0.0202 0.0202 0.0 15.0218 0.1516 0 0 0 0 0 0 0 0 0 0 0 0
2000cf 0.0373 0.0373 0.0 16.81915 0.11505 0 0 0 0 0 0 0 0 0 0 0 0
2000cn 0.02348 0.02348 0.0 15.6608 0.13895 0 0 0 0 0 0 0 0 0 0 0 0
2000dk 0.01635 0.01635 0.0 14.88125 0.15175 0 0 0 0 0 0 0 0 0 0 0 0
2000fa 0.02275 0.02275 0.0 15.5356 0.1362 0 0 0 0 0 0 0 0 0 0 0 0
000006 0.23077 0.23077 0.0 21.01515 0.1465 0 0 0 0 0 0 0 0 0 0 0 0
000011 0.38144 0.38144 0.0 22.5262 0.15245 0 0 0 0 0 0 0 0 0 0 0 0
000034 0.249 0.249 0.0 21.085 0.1441 0 0 0 0 0 0 0 0 0 0 0 0
000091 0.15309 0.15309 0.0 19.93545 0.1157 0 0 0 0 0 0 0 0 0 0 0 0
000142 0.43723 0.43723 0.0 22.8414 0.14165 0 0 0 0 0 0 0 0 0 0 0 0
000190 0.10212 0.10212 0.0 19.15885 0.10865 0 0 0 0 0 0 0 0 0 0 0 0
000199 0.37144 0.37144 0.0 22.1553 0.106 0 0 0 0 0 0 0 0 0 0 0 0
000215 0.46154 0.46154 0.0 22.785 0.11755 0 0 0 0 0 0 0 0 0 0 0 0
000236 0.19612 0.19612 0.0 20.4997 0.10905 0 0 0 0 0 0 0 0 0 0 0 0
000420 0.31136 0.31136 0.0 21.7501 0.10835 0 0 0 0 0 0 0 0 0 0 0 0
010026 0.0326 0.0326 0.0 16.45725 0.1285 0 0 0 0 0 0 0 0 0 0 0 0
020027 0.12709 0.12709 0.0 19.33705 0.122 0 0 0 0 0 0 0 0 0 0 0 0
020096 0.23112 0.23112 0.0 20.74685 0.1238 0 0 0 0 0 0 0 0 0 0 0 0
020176 0.26011 0.26011 0.0 21.2281 0.12375 0 0 0 0 0 0 0 0 0 0 0 0
030066 0.22126 0.22126 0.0 20.8619 0.1214 0 0 0 0 0 0 0 0 0 0 0 0
040137 0.44718 0.44718 0.0 22.60185 0.15265 0 0 0 0 0 0 0 0 0 0 0 0
040782 0.33602 0.33602 0.0 21.7333 0.1461 0 0 0 0 0 0 0 0 0 0 0 0
050005 0.53021 0.53021 0.0 22.8475 0.14295 0 0 0 0 0 0 0 0 0 0 0 0
050203 0.57613 0.57613 0.0 23.23665 0.1453 0 0 0 0 0 0 0 0 0 0 0 0
050251 0.38715 0.38715 0.0 22.3833 0.15895 0 0 0 0 0 0 0 0 0 0 0 0
050293 0.36001 0.36001 0.0 21.92805 0.13355 0 0 0 0 0 0 0 0 0 0 0 0
050301 0.34701 0.34701 0.0 21.7863 0.14065 0 0 0 0 0 0 0 0 0 0 0 0
050607 0.44317 0.44317 0.0 22.57735 0.13665 0 0 0 0 0 0 0 0 0 0 0 0
070955 0.35003 0.35003 0.0 21.86335 0.1157 0 0 0 0 0 0 0 0 0 0 0 0
080723 0.42965 0.42965 0.0 22.53305 0.12605 0 0 0 0 0 0 0 0 0 0 0 0
090201 0.50838 0.50838 0.0 22.76425 0.14555 0 0 0 0 0 0 0 0 0 0 0 0
091869 0.28865 0.28865 0.0 21.4794 0.14795 0 0 0 0 0 0 0 0 0 0 0 0
100090 0.17311 0.17311 0.0 20.4752 0.13045 0 0 0 0 0 0 0 0 0 0 0 0
100163 0.31774 0.31774 0.0 21.83785 0.1521 0 0 0 0 0 0 0 0 0 0 0 0
100213 0.27509 0.27509 0.0 21.50605 0.1379 0 0 0 0 0 0 0 0 0 0 0 0
100405 0.10293 0.10293 0.0 18.9024 0.1231 0 0 0 0 0 0 0 0 0 0 0 0
110033 0.20584 0.20584 0.0 20.5438 0.1597 0 0 0 0 0 0 0 0 0 0 0 0
110478 0.2646 0.2646 0.0 21.2436 0.13895 0 0 0 0 0 0 0 0 0 0 0 0
110536 0.23466 0.23466 0.0 20.86535 0.19535 0 0 0 0 0 0 0 0 0 0 0 0
110567 0.21434 0.21434 0.0 20.73515 0.1749 0 0 0 0 0 0 0 0 0 0 0 0
110719 0.42784 0.42784 0.0 23.02035 0.1694 0 0 0 0 0 0 0 0 0 0 0 0
110734 0.40214 0.40214 0.0 22.2781 0.1517 0 0 0 0 0 0 0 0 0 0 0 0
120085 0.32218 0.32218 0.0 21.5458 0.13965 0 0 0 0 0 0 0 0 0 0 0 0
120094 0.45173 0.45173 0.0 22.7241 0.12485 0 0 0 0 0 0 0 0 0 0 0 0
120336 0.16139 0.16139 0.0 20.0738 0.12015 0 0 0 0 0 0 0 0 0 0 0 0
120400 0.35161 0.35161 0.0 22.06075 0.1155 0 0 0 0 0 0 0 0 0 0 0 0
120585 0.249 0.249 0.0 21.0323 0.1162 0 0 0 0 0 0 0 0 0 0 0 0
130308 0.08223 0.08223 0.0 18.5309 0.1209 0 0 0 0 0 0 0 0 0 0 0 0
130514 0.10588 0.10588 0.0 19.11745 0.1001 0 0 0 0 0 0 0 0 0 0 0 0
130862 0.33293 0.33293 0.0 22.0498 0.1441 0 0 0 0 0 0 0 0 0 0 0 0
140181 0.10227 0.10227 0.0 19.05425 0.1105 0 0 0 0 0 0 0 0 0 0 0 0
150509 0.29282 0.29282 0.0 21.4874 0.13525 0 0 0 0 0 0 0 0 0 0 0 0
151034 0.13269 0.13269 0.0 19.53725 0.0994 0 0 0 0 0 0 0 0 0 0 0 0
160039 0.27088 0.27088 0.0 21.22315 0.1199 0 0 0 0 0 0 0 0 0 0 0 0
160099 0.10044 0.10044 0.0 19.091 0.10845 0 0 0 0 0 0 0 0 0 0 0 0
160197 0.35363 0.35363 0.0 22.1395 0.1474 0 0 0 0 0 0 0 0 0 0 0 0
160200 0.42353 0.42353 0.0 22.65195 0.26885 0 0 0 0 0 0 0 0 0 0 0 0
170428 0.30012 0.30012 0.0 21.72415 0.1228 0 0 0 0 0 0 0 0 0 0 0 0
180166 0.14761 0.14761 0.0 19.8883 0.1136 0 0 0 0 0 0 0 0 0 0 0 0
180561 0.22853 0.22853 0.0 20.9703 0.1287 0 0 0 0 0 0 0 0 0 0 0 0
190230 0.1388 0.1388 0.0 19.82065 0.10715 0 0 0 0 0 0 0 0 0 0 0 0
190260 0.14343 0.14343 0.0 19.88095 0.1081 0 0 0 0 0 0 0 0 0 0 0 0
300105 0.09201 0.09201 0.0 18.9555 0.11385 0 0 0 0 0 0 0 0 0 0 0 0
310025 0.1568 0.1568 0.0 20.1264 0.12585 0 0 0 0 0 0 0 0 0 0 0 0
310042 0.23851 0.23851 0.0 21.19665 0.24685 0 0 0 0 0 0 0 0 0 0 0 0
310073 0.14949 0.14949 0.0 20.1541 0.1673 0 0 0 0 0 0 0 0 0 0 0 0
310091 0.50718 0.50718 0.0 22.9936 0.14035 0 0 0 0 0 0 0 0 0 0 0 0
310161 0.25249 0.25249 0.0 21.2079 0.1127 0 0 0 0 0 0 0 0 0 0 0 0
310238 0.28397 0.28397 0.0 21.3167 0.1146 0 0 0 0 0 0 0 0 0 0 0 0
310574 0.2368 0.2368 0.0 21.0248 0.12405 0 0 0 0 0 0 0 0 0 0 0 0
320258 0.34092 0.34092 0.0 21.8826 0.1495 0 0 0 0 0 0 0 0 0 0 0 0
330022 0.26388 0.26388 0.0 21.07005 0.1442 0 0 0 0 0 0 0 0 0 0 0 0
330089 0.34872 0.34872 0.0 22.11665 0.13335 0 0 0 0 0 0 0 0 0 0 0 0
330128 0.32095 0.32095 0.0 21.7163 0.12535 0 0 0 0 0 0 0 0 0 0 0 0
330146 0.13523 0.13523 0.0 19.8045 0.12155 0 0 0 0 0 0 0 0 0 0 0 0
350027 0.30567 0.30567 0.0 21.7078 0.11185 0 0 0 0 0 0 0 0 0 0 0 0
350050 0.40471 0.40471 0.0 22.2356 0.13115 0 0 0 0 0 0 0 0 0 0 0 0
350080 0.28578 0.28578 0.0 21.4363 0.136 0 0 0 0 0 0 0 0 0 0 0 0
350192 0.30156 0.30156 0.0 21.58655 0.1349 0 0 0 0 0 0 0 0 0 0 0 0
350235 0.26388 0.26388 0.0 21.2326 0.12955 0 0 0 0 0 0 0 0 0 0 0 0
350374 0.50091 0.50091 0.0 22.9737 0.1967 0 0 0 0 0 0 0 0 0 0 0 0
350630 0.30525 0.30525 0.0 21.6094 0.1085 0 0 0 0 0 0 0 0 0 0 0 0
360139 0.38598 0.38598 0.0 22.2858 0.126 0 0 0 0 0 0 0 0 0 0 0 0
360145 0.1986 0.1986 0.0 20.6694 0.11645 0 0 0 0 0 0 0 0 0 0 0 0
370066 0.09121 0.09121 0.0 18.7577 0.1104 0 0 0 0 0 0 0 0 0 0 0 0
370329 0.47796 0.47796 0.0 22.92625 0.13385 0 0 0 0 0 0 0 0 0 0 0 0
370344 0.33159 0.33159 0.0 21.8383 0.11525 0 0 0 0 0 0 0 0 0 0 0 0
370367 0.47175 0.47175 0.0 22.7074 0.14765 0 0 0 0 0 0 0 0 0 0 0 0
370394 0.33081 0.33081 0.0 21.7729 0.1561 0 0 0 0 0 0 0 0 0 0 0 0
370498 0.26088 0.26088 0.0 21.35855 0.14225 0 0 0 0 0 0 0 0 0 0 0 0
370566 0.07141 0.07141 0.0 18.151 0.11865 0 0 0 0 0 0 0 0 0 0 0 0
370595 0.18141 0.18141 0.0 20.42645 0.1593 0 0 0 0 0 0 0 0 0 0 0 0
380318 0.33829 0.33829 0.0 21.911 0.15165 0 0 0 0 0 0 0 0 0 0 0 0
390259 0.12211 0.12211 0.0 19.3742 0.11505 0 0 0 0 0 0 0 0 0 0 0 0
390449 0.25012 0.25012 0.0 21.11495 0.14315 0 0 0 0 0 0 0 0 0 0 0 0
390627 0.16046 0.16046 0.0 20.1683 0.1962 0 0 0 0 0 0 0 0 0 0 0 0
420196 0.29843 0.29843 0.0 21.9956 0.1606 0 0 0 0 0 0 0 0 0 0 0 0
420352 0.38887 0.38887 0.0 22.1184 0.14115 0 0 0 0 0 0 0 0 0 0 0 0
420414 0.29245 0.29245 0.0 21.4676 0.165 0 0 0 0 0 0 0 0 0 0 0 0
430003 0.32841 0.32841 0.0 21.6623 0.17315 0 0 0 0 0 0 0 0 0 0 0 0
440005 0.30549 0.30549 0.0 21.6986 0.13105 0 0 0 0 0 0 0 0 0 0 0 0
440050 0.28546 0.28546 0.0 21.4651 0.14015 0 0 0 0 0 0 0 0 0 0 0 0
440236 0.42886 0.42886 0.0 22.50015 0.14885 0 0 0 0 0 0 0 0 0 0 0 0
440285 0.17967 0.17967 0.0 20.48065 0.19635 0 0 0 0 0 0 0 0 0 0 0 0
440643 0.18959 0.18959 0.0 20.49975 0.1603 0 0 0 0 0 0 0 0 0 0 0 0
450082 0.24849 0.24849 0.0 21.19 0.14715 0 0 0 0 0 0 0 0 0 0 0 0
450339 0.40927 0.40927 0.0 22.48135 0.19065 0 0 0 0 0 0 0 0 0 0 0 0
460064 0.24146 0.24146 0.0 20.8592 0.1303 0 0 0 0 0 0 0 0 0 0 0 0
470015 0.33748 0.33748 0.0 21.88025 0.16555 0 0 0 0 0 0 0 0 0 0 0 0
470043 0.0706 0.0706 0.0 18.48515 0.29975 0 0 0 0 0 0 0 0 0 0 0 0
470110 0.34546 0.34546 0.0 21.95965 0.16285 0 0 0 0 0 0 0 0 0 0 0 0
480184 0.3306 0.3306 0.0 21.98595 0.15635 0 0 0 0 0 0 0 0 0 0 0 0
490007 0.05495 0.05495 0.0 17.6017 0.11635 0 0 0 0 0 0 0 0 0 0 0 0
490037 0.42359 0.42359 0.0 22.3785 0.1427 0 0 0 0 0 0 0 0 0 0 0 0
500038 0.1072 0.1072 0.0 19.1956 0.1111 0 0 0 0 0 0 0 0 0 0 0 0
500065 0.2854 0.2854 0.0 21.22635 0.1276 0 0 0 0 0 0 0 0 0 0 0 0
500301 0.32553 0.32553 0.0 21.92295 0.13895 0 0 0 0 0 0 0 0 0 0 0 0
500511 0.33493 0.33493 0.0 21.7467 0.11285 0 0 0 0 0 0 0 0 0 0 0 0
510113 0.2909 0.2909 0.0 21.30675 0.15965 0 0 0 0 0 0 0 0 0 0 0 0
510266 0.44058 0.44058 0.0 22.4223 0.14485 0 0 0 0 0 0 0 0 0 0 0 0
510550 0.24111 0.24111 0.0 21.09165 0.1118 0 0 0 0 0 0 0 0 0 0 0 0
510597 0.46101 0.46101 0.0 22.75175 0.1646 0 0 0 0 0 0 0 0 0 0 0 0
520022 0.11944 0.11944 0.0 19.33665 0.1244 0 0 0 0 0 0 0 0 0 0 0 0
520041 0.54539 0.54539 0.0 23.34425 0.1464 0 0 0 0 0 0 0 0 0 0 0 0
520071 0.41155 0.41155 0.0 22.6089 0.129 0 0 0 0 0 0 0 0 0 0 0 0
530037 0.26848 0.26848 0.0 21.3426 0.1449 0 0 0 0 0 0 0 0 0 0 0 0
530086 0.04976 0.04976 0.0 17.35435 0.1348 0 0 0 0 0 0 0 0 0 0 0 0
530251 0.41131 0.41131 0.0 22.58255 0.1539 0 0 0 0 0 0 0 0 0 0 0 0
550005 0.07369 0.07369 0.0 18.2363 0.15645 0 0 0 0 0 0 0 0 0 0 0 0
550059 0.31841 0.31841 0.0 22.0815 0.21065 0 0 0 0 0 0 0 0 0 0 0 0
550137 0.4193 0.4193 0.0 22.162 0.15205 0 0 0 0 0 0 0 0 0 0 0 0
550202 0.42028 0.42028 0.0 22.4912 0.23365 0 0 0 0 0 0 0 0 0 0 0 0
560027 0.43885 0.43885 0.0 22.46265 0.1922 0 0 0 0 0 0 0 0 0 0 0 0
560054 0.4804 0.4804 0.0 22.68995 0.17595 0 0 0 0 0 0 0 0 0 0 0 0
560150 0.1998 0.1998 0.0 20.66385 0.13605 0 0 0 0 0 0 0 0 0 0 0 0
570022 0.30143 0.30143 0.0 21.68 0.1201 0 0 0 0 0 0 0 0 0 0 0 0
570056 0.2902 0.2902 0.0 21.44445 0.1379 0 0 0 0 0 0 0 0 0 0 0 0
580104 0.3092 0.3092 0.0 21.5872 0.14625 0 0 0 0 0 0 0 0 0 0 0 0
580270 0.2956 0.2956 0.0 21.72885 0.123 0 0 0 0 0 0 0 0 0 0 0 0
580276 0.33848 0.33848 0.0 21.88405 0.1392 0 0 0 0 0 0 0 0 0 0 0 0
580312 0.40287 0.40287 0.0 22.3578 0.1716 0 0 0 0 0 0 0 0 0 0 0 0
590002 0.20143 0.20143 0.0 20.6213 0.1568 0 0 0 0 0 0 0 0 0 0 0 0
590031 0.3786 0.3786 0.0 22.2182 0.14515 0 0 0 0 0 0 0 0 0 0 0 0
590194 0.0896 0.0896 0.0 18.7246 0.11675 0 0 0 0 0 0 0 0 0 0 0 0
000010 0.24629 0.24629 0.0 21.18955 0.1209 0 0 0 0 0 0 0 0 0 0 0 0
000014 0.13649 0.13649 0.0 19.7623 0.12325 0 0 0 0 0 0 0 0 0 0 0 0
000038 0.14912 0.14912 0.0 19.84745 0.1157 0 0 0 0 0 0 0 0 0 0 0 0
000137 0.119 0.119 0.0 19.2691 0.1242 0 0 0 0 0 0 0 0 0 0 0 0
000174 0.24514 0.24514 0.0 21.0528 0.12365 0 0 0 0 0 0 0 0 0 0 0 0
000196 0.3414 0.3414 0.0 21.9282 0.10775 0 0 0 0 0 0 0 0 0 0 0 0
000202 0.61972 0.61972 0.0 23.4891 0.1158 0 0 0 0 0 0 0 0 0 0 0 0
000220 0.22126 0.22126 0.0 20.8258 0.10855 0 0 0 0 0 0 0 0 0 0 0 0
010010 0.09889 0.09889 0.0 19.1902 0.10965 0 0 0 0 0 0 0 0 0 0 0 0
020090 0.40916 0.40916 0.0 22.4674 0.1786 0 0 0 0 0 0 0 0 0 0 0 0
030006 0.51126 0.51126 0.0 22.83735 0.20445 0 0 0 0 0 0 0 0 0 0 0 0
040150 0.38221 0.38221 0.0 22.31525 0.1431 0 0 0 0 0 0 0 0 0 0 0 0
040201 0.27989 0.27989 0.0 21.2971 0.11365 0 0 0 0 0 0 0 0 0 0 0 0
040780 0.23101 0.23101 0.0 20.75355 0.15345 0 0 0 0 0 0 0 0 0 0 0 0
050003 0.43003 0.43003 0.0 22.5599 0.16035 0 0 0 0 0 0 0 0 0 0 0 0
050201 0.55004 0.55004 0.0 23.1385 0.14355 0 0 0 0 0 0 0 0 0 0 0 0
050291 0.32301 0.32301 0.0 21.9563 0.14095 0 0 0 0 0 0 0 0 0 0 0 0
050296 0.36002 0.36002 0.0 22.0427 0.12895 0 0 0 0 0 0 0 0 0 0 0 0
050303 0.33102 0.33102 0.0 21.99435 0.1798 0 0 0 0 0 0 0 0 0 0 0 0
050580 0.45019 0.45019 0.0 22.44985 0.13175 0 0 0 0 0 0 0 0 0 0 0 0
070242 0.06421 0.06421 0.0 18.09755 0.10875 0 0 0 0 0 0 0 0 0 0 0 0
080064 0.06609 0.06609 0.0 17.914 0.1266 0 0 0 0 0 0 0 0 0 0 0 0
080646 0.32861 0.32861 0.0 21.8595 0.1406 0 0 0 0 0 0 0 0 0 0 0 0
090037 0.14609 0.14609 0.0 20.25255 0.1722 0 0 0 0 0 0 0 0 0 0 0 0
090275 0.13987 0.13987 0.0 19.779 0.1129 0 0 0 0 0 0 0 0 0 0 0 0
100020 0.24815 0.24815 0.0 21.2441 0.12055 0 0 0 0 0 0 0 0 0 0 0 0
100101 0.43127 0.43127 0.0 22.7525 0.1528 0 0 0 0 0 0 0 0 0 0 0 0
100206 0.21681 0.21681 0.0 20.59585 0.11565 0 0 0 0 0 0 0 0 0 0 0 0
100358 0.36616 0.36616 0.0 21.8473 0.1887 0 0 0 0 0 0 0 0 0 0 0 0
110425 0.38083 0.38083 0.0 22.22495 0.1384 0 0 0 0 0 0 0 0 0 0 0 0
110430 0.42086 0.42086 0.0 22.4692 0.1607 0 0 0 0 0 0 0 0 0 0 0 0
110460 0.19958 0.19958 0.0 20.61175 0.153 0 0 0 0 0 0 0 0 0 0 0 0
110484 0.5109 0.5109 0.0 22.82105 0.1731 0 0 0 0 0 0 0 0 0 0 0 0
110542 0.42696 0.42696 0.0 22.59355 0.15335 0 0 0 0 0 0 0 0 0 0 0 0
110716 0.31579 0.31579 0.0 21.93335 0.15145 0 0 0 0 0 0 0 0 0 0 0 0
110721 0.57824 0.57824 0.0 23.2805 0.1623 0 0 0 0 0 0 0 0 0 0 0 0
120044 0.48176 0.48176 0.0 23.0171 0.1544 0 0 0 0 0 0 0 0 0 0 0 0
120086 0.39267 0.39267 0.0 22.1892 0.1588 0 0 0 0 0 0 0 0 0 0 0 0
120143 0.17359 0.17359 0.0 20.08735 0.1083 0 0 0 0 0 0 0 0 0 0 0 0
120369 0.33059 0.33059 0.0 22.00005 0.1154 0 0 0 0 0 0 0 0 0 0 0 0
120444 0.29948 0.29948 0.0 21.69525 0.1589 0 0 0 0 0 0 0 0 0 0 0 0
120586 0.22943 0.22943 0.0 20.94805 0.14145 0 0 0 0 0 0 0 0 0 0 0 0
130755 0.29291 0.29291 0.0 21.5428 0.13265 0 0 0 0 0 0 0 0 0 0 0 0
140152 0.20861 0.20861 0.0 20.59385 0.1128 0 0 0 0 0 0 0 0 0 0 0 0
150254 0.27509 0.27509 0.0 21.2874 0.1161 0 0 0 0 0 0 0 0 0 0 0 0
150457 0.30337 0.30337 0.0 21.66995 0.1191 0 0 0 0 0 0 0 0 0 0 0 0
160070 0.35902 0.35902 0.0 22.1953 0.1343 0 0 0 0 0 0 0 0 0 0 0 0
160126 0.3602 0.3602 0.0 21.87035 0.16045 0 0 0 0 0 0 0 0 0 0 0 0
160198 0.34902 0.34902 0.0 21.9511 0.123 0 0 0 0 0 0 0 0 0 0 0 0
160214 0.63056 0.63056 0.0 23.31755 0.11805 0 0 0 0 0 0 0 0 0 0 0 0
170078 0.32092 0.32092 0.0 22.02155 0.15445 0 0 0 0 0 0 0 0 0 0 0 0
180313 0.51002 0.51002 0.0 22.84815 0.1182 0 0 0 0 0 0 0 0 0 0 0 0
190209 0.36646 0.36646 0.0 22.0064 0.1244 0 0 0 0 0 0 0 0 0 0 0 0
190340 0.13823 0.13823 0.0 19.79445 0.10375 0 0 0 0 0 0 0 0 0 0 0 0
300179 0.1792 0.1792 0.0 20.55945 0.148 0 0 0 0 0 0 0 0 0 0 0 0
310039 0.17157 0.17157 0.0 20.2182 0.11585 0 0 0 0 0 0 0 0 0 0 0 0
310051 0.27047 0.27047 0.0 21.2434 0.12535 0 0 0 0 0 0 0 0 0 0 0 0
310090 0.34688 0.34688 0.0 22.2292 0.2522 0 0 0 0 0 0 0 0 0 0 0 0
310146 0.47942 0.47942 0.0 22.60355 0.14645 0 0 0 0 0 0 0 0 0 0 0 0
310188 0.31894 0.31894 0.0 21.9235 0.13655 0 0 0 0 0 0 0 0 0 0 0 0
310260 0.51879 0.51879 0.0 22.96365 0.1512 0 0 0 0 0 0 0 0 0 0 0 0
320099 0.3799 0.3799 0.0 22.20625 0.13105 0 0 0 0 0 0 0 0 0 0 0 0
320469 0.37089 0.37089 0.0 22.13795 0.26105 0 0 0 0 0 0 0 0 0 0 0 0
330083 0.22374 0.22374 0.0 20.7526 0.12215 0 0 0 0 0 0 0 0 0 0 0 0
340229 0.14135 0.14135 0.0 19.84105 0.1344 0 0 0 0 0 0 0 0 0 0 0 0
340334 0.30666 0.30666 0.0 21.84375 0.13325 0 0 0 0 0 0 0 0 0 0 0 0
350047 0.23362 0.23362 0.0 21.2038 0.11495 0 0 0 0 0 0 0 0 0 0 0 0
350078 0.30078 0.30078 0.0 21.92245 0.1699 0 0 0 0 0 0 0 0 0 0 0 0
350083 0.36783 0.36783 0.0 21.9917 0.1238 0 0 0 0 0 0 0 0 0 0 0 0
350233 0.1694 0.1694 0.0 20.254 0.1146 0 0 0 0 0 0 0 0 0 0 0 0
350316 0.07976 0.07976 0.0 18.33655 0.1031 0 0 0 0 0 0 0 0 0 0 0 0
350548 0.1806 0.1806 0.0 20.38665 0.11415 0 0 0 0 0 0 0 0 0 0 0 0
360112 0.18071 0.18071 0.0 20.34785 0.1643 0 0 0 0 0 0 0 0 0 0 0 0
360140 0.23086 0.23086 0.0 21.0339 0.15385 0 0 0 0 0 0 0 0 0 0 0 0
360156 0.04582 0.04582 0.0 17.2915 0.12435 0 0 0 0 0 0 0 0 0 0 0 0
370098 0.22146 0.22146 0.0 20.7864 0.11965 0 0 0 0 0 0 0 0 0 0 0 0
370308 0.20073 0.20073 0.0 20.5271 0.21455 0 0 0 0 0 0 0 0 0 0 0 0
370333 0.0755 0.0755 0.0 18.3789 0.1196 0 0 0 0 0 0 0 0 0 0 0 0
370356 0.02627 0.02627 0.0 15.9834 0.1362 0 0 0 0 0 0 0 0 0 0 0 0
370369 0.19141 0.19141 0.0 20.0395 0.15625 0 0 0 0 0 0 0 0 0 0 0 0
370428 0.1777 0.1777 0.0 20.3542 0.11035 0 0 0 0 0 0 0 0 0 0 0 0
370563 0.18542 0.18542 0.0 20.5382 0.11655 0 0 0 0 0 0 0 0 0 0 0 0
380279 0.34931 0.34931 0.0 22.02755 0.1384 0 0 0 0 0 0 0 0 0 0 0 0
380378 0.27131 0.27131 0.0 21.3084 0.10785 0 0 0 0 0 0 0 0 0 0 0 0
390264 0.29212 0.29212 0.0 21.17485 0.12185 0 0 0 0 0 0 0 0 0 0 0 0
390471 0.37051 0.37051 0.0 21.7958 0.1138 0 0 0 0 0 0 0 0 0 0 0 0
420100 0.09641 0.09641 0.0 18.81975 0.14555 0 0 0 0 0 0 0 0 0 0 0 0
420159 0.18058 0.18058 0.0 20.27555 0.1117 0 0 0 0 0 0 0 0 0 0 0 0
420258 0.27446 0.27446 0.0 21.39255 0.15275 0 0 0 0 0 0 0 0 0 0 0 0
420407 0.2451 0.2451 0.0 21.2306 0.1405 0 0 0 0 0 0 0 0 0 0 0 0
420417 0.36135 0.36135 0.0 21.9127 0.20505 0 0 0 0 0 0 0 0 0 0 0 0
430004 0.23152 0.23152 0.0 20.92605 0.14995 0 0 0 0 0 0 0 0 0 0 0 0
440008 0.14648 0.14648 0.0 19.9098 0.1109 0 0 0 0 0 0 0 0 0 0 0 0
440042 0.15948 0.15948 0.0 20.18345 0.17755 0 0 0 0 0 0 0 0 0 0 0 0
440162 0.41929 0.41929 0.0 22.45565 0.14895 0 0 0 0 0 0 0 0 0 0 0 0
440509 0.31894 0.31894 0.0 21.6651 0.1566 0 0 0 0 0 0 0 0 0 0 0 0
450175 0.51941 0.51941 0.0 22.9764 0.19625 0 0 0 0 0 0 0 0 0 0 0 0
460003 0.15069 0.15069 0.0 19.9367 0.10995 0 0 0 0 0 0 0 0 0 0 0 0
460037 0.30249 0.30249 0.0 21.61505 0.15815 0 0 0 0 0 0 0 0 0 0 0 0
460105 0.21073 0.21073 0.0 20.7371 0.1623 0 0 0 0 0 0 0 0 0 0 0 0
470008 0.23943 0.23943 0.0 20.71795 0.1479 0 0 0 0 0 0 0 0 0 0 0 0
470041 0.3318 0.3318 0.0 21.7581 0.12015 0 0 0 0 0 0 0 0 0 0 0 0
470232 0.20072 0.20072 0.0 20.726 0.1607 0 0 0 0 0 0 0 0 0 0 0 0
470244 0.36082 0.36082 0.0 22.162 0.14225 0 0 0 0 0 0 0 0 0 0 0 0
480064 0.24275 0.24275 0.0 21.3413 0.1206 0 0 0 0 0 0 0 0 0 0 0 0
480464 0.22146 0.22146 0.0 20.82225 0.14925 0 0 0 0 0 0 0 0 0 0 0 0
490008 0.12068 0.12068 0.0 19.36925 0.1916 0 0 0 0 0 0 0 0 0 0 0 0
490521 0.3416 0.3416 0.0 21.883 0.16935 0 0 0 0 0 0 0 0 0 0 0 0
500004 0.25051 0.25051 0.0 21.026 0.1318 0 0 0 0 0 0 0 0 0 0 0 0
500057 0.38054 0.38054 0.0 22.1541 0.13085 0 0 0 0 0 0 0 0 0 0 0 0
500100 0.31079 0.31079 0.0 21.81815 0.13865 0 0 0 0 0 0 0 0 0 0 0 0
500504 0.1994 0.1994 0.0 20.39535 0.14125 0 0 0 0 0 0 0 0 0 0 0 0
510251 0.24001 0.24001 0.0 21.0936 0.16435 0 0 0 0 0 0 0 0 0 0 0 0
510457 0.50275 0.50275 0.0 22.89285 0.2118 0 0 0 0 0 0 0 0 0 0 0 0
510578 0.37013 0.37013 0.0 22.1002 0.1359 0 0 0 0 0 0 0 0 0 0 0 0
510638 0.27001 0.27001 0.0 21.36745 0.1373 0 0 0 0 0 0 0 0 0 0 0 0
520019 0.26312 0.26312 0.0 21.3904 0.13135 0 0 0 0 0 0 0 0 0 0 0 0
520023 0.26801 0.26801 0.0 21.22565 0.28755 0 0 0 0 0 0 0 0 0 0 0 0
520062 0.30801 0.30801 0.0 21.95195 0.11825 0 0 0 0 0 0 0 0 0 0 0 0
520077 0.25001 0.25001 0.0 21.3767 0.16225 0 0 0 0 0 0 0 0 0 0 0 0
520188 0.28051 0.28051 0.0 21.37975 0.11065 0 0 0 0 0 0 0 0 0 0 0 0
530112 0.3148 0.3148 0.0 21.90265 0.1247 0 0 0 0 0 0 0 0 0 0 0 0
530219 0.3284 0.3284 0.0 22.1317 0.16525 0 0 0 0 0 0 0 0 0 0 0 0
540163 0.32944 0.32944 0.0 21.98665 0.119 0 0 0 0 0 0 0 0 0 0 0 0
550041 0.25848 0.25848 0.0 21.13875 0.1409 0 0 0 0 0 0 0 0 0 0 0 0
550096 0.22448 0.22448 0.0 20.6701 0.15345 0 0 0 0 0 0 0 0 0 0 0 0
550154 0.21079 0.21079 0.0 20.92505 0.1248 0 0 0 0 0 0 0 0 0 0 0 0
550218 0.38734 0.38734 0.0 22.29305 0.18545 0 0 0 0 0 0 0 0 0 0 0 0
560087 0.30642 0.30642 0.0 21.6744 0.1547 0 0 0 0 0 0 0 0 0 0 0 0
560121 0.36491 0.36491 0.0 22.18555 0.14345 0 0 0 0 0 0 0 0 0 0 0 0
560152 0.2488 0.2488 0.0 21.13325 0.16005 0 0 0 0 0 0 0 0 0 0 0 0
570025 0.2988 0.2988 0.0 21.39245 0.1644 0 0 0 0 0 0 0 0 0 0 0 0
570062 0.12365 0.12365 0.0 19.5465 0.10875 0 0 0 0 0 0 0 0 0 0 0 0
580235 0.33159 0.33159 0.0 21.75715 0.13955 0 0 0 0 0 0 0 0 0 0 0 0
580275 0.38246 0.38246 0.0 22.1813 0.17485 0 0 0 0 0 0 0 0 0 0 0 0
580300 0.24074 0.24074 0.0 21.13 0.1179 0 0 0 0 0 0 0 0 0 0 0 0
590005 0.17144 0.17144 0.0 20.28765 0.17315 0 0 0 0 0 0 0 0 0 0 0 0
vespesian 1.206 1.206 0.0 25.7392 0.33535 0 0 0 0 0 0 0 0 0 0 0 0
washington 1.33 1.33 0.0 25.60405 0.14865 0 0 0 0 0 0 0 0 0 0 0 0
carter 1.54 1.54 0.0 25.90855 0.2107 0 0 0 0 0 0 0 0 0 0 0 0
Primo 1.55 1.55 0.0 26.0068 0.1856 0 0 0 0 0 0 0 0 0 0 0 0
geta 1.7 1.7 0.0 26.0597 0.2834 0 0 0 0 0 0 0 0 0 0 0 0
stone 1.8 1.8 0.0 26.20105 0.188 0 0 0 0 0 0 0 0 0 0 0 0
colfax 2.26 2.26 0.0 26.87705 0.25495 0 0 0 0 0 0 0 0 0 0 0 0
wilson 1.914 1.914 0.0 26.16035 0.2556 0 0 0 0 0 0 0 0 0 0 0 0
Aphrodite 1.3 1.3 0.0 25.5206 0.17865 0 0 0 0 0 0 0 0 0 0 0 0
Borg 1.34 1.34 0.0 25.46585 0.16335 0 0 0 0 0 0 0 0 0 0 0 0
Eagle 1.02 1.02 0.0 24.8825 0.16565 0 0 0 0 0 0 0 0 0 0 0 0
Frodo 0.735 0.735 0.0 23.7064 0.1339 0 0 0 0 0 0 0 0 0 0 0 0
Gabi 1.12 1.12 0.0 25.06435 0.1648 0 0 0 0 0 0 0 0 0 0 0 0
Koekemoer 1.23 1.23 0.0 25.28665 0.1919 0 0 0 0 0 0 0 0 0 0 0 0
Lancaster 1.23 1.23 0.0 25.4987 0.17095 0 0 0 0 0 0 0 0 0 0 0 0
Manipogo 0.854 0.854 0.0 24.31215 0.2144 0 0 0 0 0 0 0 0 0 0 0 0
Mcguire 1.37 1.37 0.0 25.51685 0.16245 0 0 0 0 0 0 0 0 0 0 0 0
Ombo 0.9752 0.9752 0.0 24.70715 0.1398 0 0 0 0 0 0 0 0 0 0 0 0
Patuxent 0.97 0.97 0.0 25.11545 0.2617 0 0 0 0 0 0 0 0 0 0 0 0
Rakke 0.74 0.74 0.0 23.8444 0.12605 0 0 0 0 0 0 0 0 0 0 0 0
Sasquatch 1.39 1.39 0.0 25.3644 0.2017 0 0 0 0 0 0 0 0 0 0 0 0
Thoth 1.305 1.305 0.0 25.2641 0.2349 0 0 0 0 0 0 0 0 0 0 0 0
Vilas 0.935 0.935 0.0 24.2666 0.1657 0 0 0 0 0 0 0 0 0 0 0 0
SCP05D0 1.014 1.014 0.0 24.85455 0.2288 0 0 0 0 0 0 0 0 0 0 0 0
SCP05D6 1.315 1.315 0.0 25.5421 0.19875 0 0 0 0 0 0 0 0 0 0 0 0
SCP06C0 1.092 1.092 0.0 24.63755 0.264 0 0 0 0 0 0 0 0 0 0 0 0
